0	1	37
0.1993341701	-0.0514494637	0.0040378847	0.0000000000	-0.0349325687	-0.4450998604
-0.0514494637	0.0145815251	0.0155484814	0.0349325687	0.0000000000	0.1155908331
0.0040378847	0.0155484814	0.2114751265	0.4450998604	-0.1155908331	0.0000000000
0.0000000000	0.0349325687	0.4450998604	1.0000000000	0.0000000000	0.0000000000
-0.0349325687	0.0000000000	-0.1155908331	0.0000000000	1.0000000000	0.0000000000
-0.4450998604	0.1155908331	0.0000000000	0.0000000000	0.0000000000	1.0000000000
0	2	37
13.1049773614	-7.6542862438	16.5445266515	0.0000000000	-3.2854974270	-1.5200276375
-7.6542862438	36.1519930819	4.9940468919	3.2854974270	0.0000000000	5.0356230736
16.5445266515	4.9940468919	27.6679837579	1.5200276375	-5.0356230736	0.0000000000
0.0000000000	3.2854974270	1.5200276375	1.0000000000	0.0000000000	0.0000000000
-3.2854974270	0.0000000000	-5.0356230736	0.0000000000	1.0000000000	0.0000000000
-1.5200276375	5.0356230736	0.0000000000	0.0000000000	0.0000000000	1.0000000000
1	2	37
6.6312892089	3.0636367958	-2.6478293141	0.0000000000	-1.6838697195	-1.9482997656
3.0636367958	5.3080692275	3.2806829798	1.6838697195	0.0000000000	-1.5724668503
-2.6478293141	3.2806829798	6.2685239718	1.9482997656	1.5724668503	0.0000000000
0.0000000000	1.6838697195	1.9482997656	1.0000000000	0.0000000000	0.0000000000
-1.6838697195	0.0000000000	1.5724668503	0.0000000000	1.0000000000	0.0000000000
-1.9482997656	-1.5724668503	0.0000000000	0.0000000000	0.0000000000	1.0000000000
1	3	37
1.3482945576	-0.0799123600	-0.2641944987	0.0000000000	-1.1114302874	0.3361804187
-0.0799123600	1.2917817900	-0.3736410994	1.1114302874	0.0000000000	-0.2377067655
-0.2641944987	-0.3736410994	0.1695217803	-0.3361804187	0.2377067655	0.0000000000
0.0000000000	1.1114302874	-0.3361804187	1.0000000000	0.0000000000	0.0000000000
-1.1114302874	0.0000000000	0.2377067655	0.0000000000	1.0000000000	0.0000000000
0.3361804187	-0.2377067655	0.0000000000	0.0000000000	0.0000000000	1.0000000000
10	11	37
13.8317173780	-22.6310841485	20.1256289413	0.0000000000	-2.4714615345	-2.7791357040
-22.6310841485	72.4199823836	6.8685269917	2.4714615345	0.0000000000	8.1432094574
20.1256289413	6.8685269917	74.0354555285	2.7791357040	-8.1432094574	0.0000000000
0.0000000000	2.4714615345	2.7791357040	1.0000000000	0.0000000000	0.0000000000
-2.4714615345	0.0000000000	-8.1432094574	0.0000000000	1.0000000000	0.0000000000
-2.7791357040	8.1432094574	0.0000000000	0.0000000000	0.0000000000	1.0000000000
10	12	37
41.7058798280	5.5070263934	26.5473297824	0.0000000000	-6.3233876228	1.3117350340
5.5070263934	57.6107567651	-8.2946090784	6.3233876228	0.0000000000	4.1982765198
26.5473297824	-8.2946090784	19.3461745359	-1.3117350340	-4.1982765198	0.0000000000
0.0000000000	6.3233876228	-1.3117350340	1.0000000000	0.0000000000	0.0000000000
-6.3233876228	0.0000000000	-4.1982765198	0.0000000000	1.0000000000	0.0000000000
1.3117350340	4.1982765198	0.0000000000	0.0000000000	0.0000000000	1.0000000000
10	13	37
5.9736868307	9.2381197862	15.2541511153	0.0000000000	-2.0906140804	1.2661041021
9.2381197862	57.6094781121	-2.6469350632	2.0906140804	0.0000000000	7.2964930534
15.2541511153	-2.6469350632	54.8418304763	-1.2661041021	-7.2964930534	0.0000000000
0.0000000000	2.0906140804	-1.2661041021	1.0000000000	0.0000000000	0.0000000000
-2.0906140804	0.0000000000	-7.2964930534	0.0000000000	1.0000000000	0.0000000000
1.2661041021	7.2964930534	0.0000000000	0.0000000000	0.0000000000	1.0000000000
11	12	37
15.7296230326	-1.6202927517	0.6722755458	0.0000000000	-1.5199221373	-3.6632580757
-1.6202927517	2.5058007324	5.5678670438	1.5199221373	0.0000000000	0.4423092008
0.6722755458	5.5678670438	13.6150971584	3.6632580757	-0.4423092008	0.0000000000
0.0000000000	1.5199221373	3.6632580757	1.0000000000	0.0000000000	0.0000000000
-1.5199221373	0.0000000000	-0.4423092008	0.0000000000	1.0000000000	0.0000000000
-3.6632580757	0.4423092008	0.0000000000	0.0000000000	0.0000000000	1.0000000000
11	13	37
0.6855046112	0.5105404779	0.1267863580	0.0000000000	0.1995503306	-0.8035448194
0.5105404779	0.4435030460	-0.1603476344	-0.1995503306	0.0000000000	-0.6353603005
0.1267863580	-0.1603476344	1.0493669882	0.8035448194	0.6353603005	0.0000000000
0.0000000000	-0.1995503306	0.8035448194	1.0000000000	0.0000000000	0.0000000000
0.1995503306	0.0000000000	0.6353603005	0.0000000000	1.0000000000	0.0000000000
-0.8035448194	-0.6353603005	0.0000000000	0.0000000000	0.0000000000	1.0000000000
11	14	37
3.2567041738	-1.5664297136	-1.0957037069	0.0000000000	-1.0343846083	1.4787672758
-1.5664297136	2.1920272318	-1.5296141093	1.0343846083	0.0000000000	-1.0592807531
-1.0957037069	-1.5296141093	3.3088283700	-1.4787672758	1.0592807531	0.0000000000
0.0000000000	1.0343846083	-1.4787672758	1.0000000000	0.0000000000	0.0000000000
-1.0343846083	0.0000000000	1.0592807531	0.0000000000	1.0000000000	0.0000000000
1.4787672758	-1.0592807531	0.0000000000	0.0000000000	0.0000000000	1.0000000000
11	15	37
2.1324933006	-0.6355059157	0.0310675363	0.0000000000	-0.0713038072	-1.4585640430
-0.6355059157	0.1949244357	0.1040011693	0.0713038072	0.0000000000	0.4357065558
0.0310675363	0.1040011693	2.3172492705	1.4585640430	-0.4357065558	0.0000000000
0.0000000000	0.0713038072	1.4585640430	1.0000000000	0.0000000000	0.0000000000
-0.0713038072	0.0000000000	-0.4357065558	0.0000000000	1.0000000000	0.0000000000
-1.4585640430	0.4357065558	0.0000000000	0.0000000000	0.0000000000	1.0000000000
12	13	37
33.0767248181	8.1765787232	5.1574924138	0.0000000000	-3.0682861805	4.8643956184
8.1765787232	12.2398160416	-14.9253578525	3.0682861805	0.0000000000	1.6809033155
5.1574924138	-14.9253578525	26.4877806889	-4.8643956184	-1.6809033155	0.0000000000
0.0000000000	3.0682861805	-4.8643956184	1.0000000000	0.0000000000	0.0000000000
-3.0682861805	0.0000000000	-1.6809033155	0.0000000000	1.0000000000	0.0000000000
4.8643956184	1.6809033155	0.0000000000	0.0000000000	0.0000000000	1.0000000000
12	14	37
5.9400256465	13.4023602993	11.7905538410	0.0000000000	-1.6098222733	1.8298901320
13.4023602993	56.2344647409	-2.9457978920	1.6098222733	0.0000000000	7.3241338730
11.7905538410	-2.9457978920	56.9914348844	-1.8298901320	-7.3241338730	0.0000000000
0.0000000000	1.6098222733	-1.8298901320	1.0000000000	0.0000000000	0.0000000000
-1.6098222733	0.0000000000	-7.3241338730	0.0000000000	1.0000000000	0.0000000000
1.8298901320	7.3241338730	0.0000000000	0.0000000000	0.0000000000	1.0000000000
12	15	37
3.1800926767	1.6225050923	0.3630593910	0.0000000000	-0.3894056380	1.7402459383
1.6225050923	1.0208991205	-0.6776615798	0.3894056380	0.0000000000	0.9323424101
0.3630593910	-0.6776615798	3.8977182954	-1.7402459383	-0.9323424101	0.0000000000
0.0000000000	0.3894056380	-1.7402459383	1.0000000000	0.0000000000	0.0000000000
-0.3894056380	0.0000000000	-0.9323424101	0.0000000000	1.0000000000	0.0000000000
1.7402459383	0.9323424101	0.0000000000	0.0000000000	0.0000000000	1.0000000000
13	14	37
8.9675234458	-2.4737458331	-2.6230481475	0.0000000000	-2.1785833836	2.0545797348
-2.4737458331	6.1958788675	-4.4760732704	2.1785833836	0.0000000000	-1.2040154934
-2.6230481475	-4.4760732704	5.6709511950	-2.0545797348	1.2040154934	0.0000000000
0.0000000000	2.1785833836	-2.0545797348	1.0000000000	0.0000000000	0.0000000000
-2.1785833836	0.0000000000	1.2040154934	0.0000000000	1.0000000000	0.0000000000
2.0545797348	-1.2040154934	0.0000000000	0.0000000000	0.0000000000	1.0000000000
13	15	37
2.7433259051	0.6664061997	-0.1225740712	0.0000000000	-0.2996218204	-1.6289728880
0.6664061997	0.2571327258	0.4880758222	0.2996218204	0.0000000000	-0.4090959430
-0.1225740712	0.4880758222	2.8209121604	1.6289728880	0.4090959430	0.0000000000
0.0000000000	0.2996218204	1.6289728880	1.0000000000	0.0000000000	0.0000000000
-0.2996218204	0.0000000000	0.4090959430	0.0000000000	1.0000000000	0.0000000000
-1.6289728880	-0.4090959430	0.0000000000	0.0000000000	0.0000000000	1.0000000000
13	16	37
3.1315642496	-0.0254405313	-0.0072947543	0.0000000000	-0.4877617061	1.7010740042
-0.0254405313	0.2381351510	-0.8297187585	0.4877617061	0.0000000000	-0.0149555700
-0.0072947543	-0.8297187585	2.8938764367	-1.7010740042	0.0149555700	0.0000000000
0.0000000000	0.4877617061	-1.7010740042	1.0000000000	0.0000000000	0.0000000000
-0.4877617061	0.0000000000	0.0149555700	0.0000000000	1.0000000000	0.0000000000
1.7010740042	-0.0149555700	0.0000000000	0.0000000000	0.0000000000	1.0000000000
14	15	37
15.9609753020	12.0845477829	7.0360559990	0.0000000000	-2.0101966858	3.4525475502
12.0845477829	16.2921708184	-6.9402996430	2.0101966858	0.0000000000	3.5001828671
7.0360559990	-6.9402996430	24.1713646892	-3.4525475502	-3.5001828671	0.0000000000
0.0000000000	2.0101966858	-3.4525475502	1.0000000000	0.0000000000	0.0000000000
-2.0101966858	0.0000000000	-3.5001828671	0.0000000000	1.0000000000	0.0000000000
3.4525475502	3.5001828671	0.0000000000	0.0000000000	0.0000000000	1.0000000000
14	16	37
2.7695976037	-0.2313989564	0.0170238107	0.0000000000	-0.1221044809	-1.6597253084
-0.2313989564	0.0343474497	0.2026598972	0.1221044809	0.0000000000	0.1394200325
0.0170238107	0.2026598972	2.7741260449	1.6597253084	-0.1394200325	0.0000000000
0.0000000000	0.1221044809	1.6597253084	1.0000000000	0.0000000000	0.0000000000
-0.1221044809	0.0000000000	-0.1394200325	0.0000000000	1.0000000000	0.0000000000
-1.6597253084	0.1394200325	0.0000000000	0.0000000000	0.0000000000	1.0000000000
14	17	37
3.3188162447	-0.5286934858	-0.1853660199	0.0000000000	-0.6027562618	1.7191570997
-0.5286934858	0.4578902067	-1.0362327069	0.6027562618	0.0000000000	-0.3075306416
-0.1853660199	-1.0362327069	3.0500762290	-1.7191570997	0.3075306416	0.0000000000
0.0000000000	0.6027562618	-1.7191570997	1.0000000000	0.0000000000	0.0000000000
-0.6027562618	0.0000000000	0.3075306416	0.0000000000	1.0000000000	0.0000000000
1.7191570997	-0.3075306416	0.0000000000	0.0000000000	0.0000000000	1.0000000000
15	16	37
15.5878112682	6.3538287754	-4.1918166889	0.0000000000	-2.1741843224	-3.2955627441
6.3538287754	8.4442425181	7.1651608517	2.1741843224	0.0000000000	-1.9279950857
-4.1918166889	7.1651608517	14.5778988511	3.2955627441	1.9279950857	0.0000000000
0.0000000000	2.1741843224	3.2955627441	1.0000000000	0.0000000000	0.0000000000
-2.1741843224	0.0000000000	1.9279950857	0.0000000000	1.0000000000	0.0000000000
-3.2955627441	-1.9279950857	0.0000000000	0.0000000000	0.0000000000	1.0000000000
15	17	37
28.6209947956	7.7689896662	-0.4951324092	0.0000000000	-0.3402663171	-5.3390274048
7.7689896662	2.2331903261	1.8166911921	0.3402663171	0.0000000000	-1.4551320076
-0.4951324092	1.8166911921	30.6226227886	5.3390274048	1.4551320076	0.0000000000
0.0000000000	0.3402663171	5.3390274048	1.0000000000	0.0000000000	0.0000000000
-0.3402663171	0.0000000000	1.4551320076	0.0000000000	1.0000000000	0.0000000000
-5.3390274048	-1.4551320076	0.0000000000	0.0000000000	0.0000000000	1.0000000000
15	18	37
19.7889329754	-10.4722050330	5.1304387788	0.0000000000	-1.9571073055	-3.9948296547
-10.4722050330	10.7022150817	7.8183103015	1.9571073055	0.0000000000	2.6214396954
5.1304387788	7.8183103015	22.8306100464	3.9948296547	-2.6214396954	0.0000000000
0.0000000000	1.9571073055	3.9948296547	1.0000000000	0.0000000000	0.0000000000
-1.9571073055	0.0000000000	-2.6214396954	0.0000000000	1.0000000000	0.0000000000
-3.9948296547	2.6214396954	0.0000000000	0.0000000000	0.0000000000	1.0000000000
16	17	37
97.0358795461	-20.3250095324	52.5893023999	0.0000000000	-9.1883182526	-3.5511529446
-20.3250095324	117.1835983172	32.6291234182	9.1883182526	0.0000000000	5.7234959602
52.5893023999	32.6291234182	45.3690932425	3.5511529446	-5.7234959602	0.0000000000
0.0000000000	9.1883182526	3.5511529446	1.0000000000	0.0000000000	0.0000000000
-9.1883182526	0.0000000000	-5.7234959602	0.0000000000	1.0000000000	0.0000000000
-3.5511529446	5.7234959602	0.0000000000	0.0000000000	0.0000000000	1.0000000000
16	18	37
1.1966202590	0.2333412224	-0.0365729113	0.0000000000	0.1693855077	1.0807075500
0.2333412224	0.0753108380	0.1830561970	-0.1693855077	0.0000000000	0.2159152329
-0.0365729113	0.1830561970	1.2145481965	-1.0807075500	-0.2159152329	0.0000000000
0.0000000000	-0.1693855077	-1.0807075500	1.0000000000	0.0000000000	0.0000000000
0.1693855077	0.0000000000	-0.2159152329	0.0000000000	1.0000000000	0.0000000000
1.0807075500	0.2159152329	0.0000000000	0.0000000000	0.0000000000	1.0000000000
16	19	37
2.6193637962	-1.5581445248	-0.1752546598	0.0000000000	0.1808963716	-1.6083035469
-1.5581445248	0.9713210909	-0.2909362761	-0.1808963716	0.0000000000	0.9688124657
-0.1752546598	-0.2909362761	3.5252378926	1.6083035469	-0.9688124657	0.0000000000
0.0000000000	-0.1808963716	1.6083035469	1.0000000000	0.0000000000	0.0000000000
0.1808963716	0.0000000000	-0.9688124657	0.0000000000	1.0000000000	0.0000000000
-1.6083035469	0.9688124657	0.0000000000	0.0000000000	0.0000000000	1.0000000000
16	20	37
12.6693560713	-8.1782931148	-17.1619285282	0.0000000000	-3.2132129669	1.5312147141
-8.1782931148	38.8515440671	-4.9201189743	3.2132129669	0.0000000000	-5.3410491943
-17.1619285282	-4.9201189743	30.8714249968	-1.5312147141	5.3410491943	0.0000000000
0.0000000000	3.2132129669	-1.5312147141	1.0000000000	0.0000000000	0.0000000000
-3.2132129669	0.0000000000	5.3410491943	0.0000000000	1.0000000000	0.0000000000
1.5312147141	-5.3410491943	0.0000000000	0.0000000000	0.0000000000	1.0000000000
17	18	37
2.8913137007	0.8286522522	-0.2649926824	0.0000000000	-0.5179243684	-1.6195888519
0.8286522522	0.5300248131	0.8388245332	0.5179243684	0.0000000000	-0.5116435885
-0.2649926824	0.8388245332	2.8848472110	1.6195888519	0.5116435885	0.0000000000
0.0000000000	0.5179243684	1.6195888519	1.0000000000	0.0000000000	0.0000000000
-0.5179243684	0.0000000000	0.5116435885	0.0000000000	1.0000000000	0.0000000000
-1.6195888519	-0.5116435885	0.0000000000	0.0000000000	0.0000000000	1.0000000000
17	19	37
4.4143487932	0.0906737885	0.0332810732	0.0000000000	-0.7239433527	1.9723728895
0.0906737885	0.5262073963	-1.4278862424	0.7239433527	0.0000000000	0.0459719300
0.0332810732	-1.4278862424	3.8923682337	-1.9723728895	-0.0459719300	0.0000000000
0.0000000000	0.7239433527	-1.9723728895	1.0000000000	0.0000000000	0.0000000000
-0.7239433527	0.0000000000	-0.0459719300	0.0000000000	1.0000000000	0.0000000000
1.9723728895	0.0459719300	0.0000000000	0.0000000000	0.0000000000	1.0000000000
17	20	37
3.1388221876	-0.6643657898	0.0855073351	0.0000000000	-0.2261579633	-1.7571780682
-0.6643657898	0.1940970342	0.3973998130	0.2261579633	0.0000000000	0.3780867755
0.0855073351	0.3973998130	3.2306243731	1.7571780682	-0.3780867755	0.0000000000
0.0000000000	0.2261579633	1.7571780682	1.0000000000	0.0000000000	0.0000000000
-0.2261579633	0.0000000000	-0.3780867755	0.0000000000	1.0000000000	0.0000000000
-1.7571780682	0.3780867755	0.0000000000	0.0000000000	0.0000000000	1.0000000000
17	21	37
58.8370404561	-12.2670744406	15.1995579318	0.0000000000	-5.9690432549	-4.8174228668
-12.2670744406	42.1136185536	28.7554054690	5.9690432549	0.0000000000	2.5463976860
15.1995579318	28.7554054690	29.6917042531	4.8174228668	-2.5463976860	0.0000000000
0.0000000000	5.9690432549	4.8174228668	1.0000000000	0.0000000000	0.0000000000
-5.9690432549	0.0000000000	-2.5463976860	0.0000000000	1.0000000000	0.0000000000
-4.8174228668	2.5463976860	0.0000000000	0.0000000000	0.0000000000	1.0000000000
18	19	37
16.5113135217	0.2969554140	3.6468390275	0.0000000000	-4.0500068665	0.3297846317
0.2969554140	17.2133704207	-1.3356300230	4.0500068665	0.0000000000	0.9004525542
3.6468390275	-1.3356300230	0.9195727057	-0.3297846317	-0.9004525542	0.0000000000
0.0000000000	4.0500068665	-0.3297846317	1.0000000000	0.0000000000	0.0000000000
-4.0500068665	0.0000000000	-0.9004525542	0.0000000000	1.0000000000	0.0000000000
0.3297846317	0.9004525542	0.0000000000	0.0000000000	0.0000000000	1.0000000000
18	20	37
6.6622098201	-0.8815662561	-0.4357454828	0.0000000000	-1.1437243223	2.3138937950
-0.8815662561	1.4532573420	-2.6464566126	1.1437243223	0.0000000000	-0.3809882104
-0.4357454828	-2.6464566126	5.4992565111	-2.3138937950	0.3809882104	0.0000000000
0.0000000000	1.1437243223	-2.3138937950	1.0000000000	0.0000000000	0.0000000000
-1.1437243223	0.0000000000	0.3809882104	0.0000000000	1.0000000000	0.0000000000
2.3138937950	-0.3809882104	0.0000000000	0.0000000000	0.0000000000	1.0000000000
18	21	37
17.2505534229	-21.9540095370	8.9982165291	0.0000000000	-1.5751590729	-3.8431012630
-21.9540095370	35.1146551086	6.0534958225	1.5751590729	0.0000000000	5.7125763893
8.9982165291	6.0534958225	47.4029563218	3.8431012630	-5.7125763893	0.0000000000
0.0000000000	1.5751590729	3.8431012630	1.0000000000	0.0000000000	0.0000000000
-1.5751590729	0.0000000000	-5.7125763893	0.0000000000	1.0000000000	0.0000000000
-3.8431012630	5.7125763893	0.0000000000	0.0000000000	0.0000000000	1.0000000000
19	20	37
12.0485195302	2.0977249454	1.3800145566	0.0000000000	-1.9077073336	2.8998572826
2.0977249454	4.1626389585	-5.5320790044	1.9077073336	0.0000000000	0.7233890295
1.3800145566	-5.5320790044	8.9324639477	-2.8998572826	-0.7233890295	0.0000000000
0.0000000000	1.9077073336	-2.8998572826	1.0000000000	0.0000000000	0.0000000000
-1.9077073336	0.0000000000	-0.7233890295	0.0000000000	1.0000000000	0.0000000000
2.8998572826	0.7233890295	0.0000000000	0.0000000000	0.0000000000	1.0000000000
19	21	37
18.2564606016	-3.1933447057	1.6535121289	0.0000000000	-1.9646732807	-3.7942745686
-3.1933447057	4.5682685821	7.4545098645	1.9646732807	0.0000000000	0.8416219354
1.6535121289	7.4545098645	15.1048469837	3.7942745686	-0.8416219354	0.0000000000
0.0000000000	1.9646732807	3.7942745686	1.0000000000	0.0000000000	0.0000000000
-1.9646732807	0.0000000000	-0.8416219354	0.0000000000	1.0000000000	0.0000000000
-3.7942745686	0.8416219354	0.0000000000	0.0000000000	0.0000000000	1.0000000000
19	22	37
0.3790443833	-0.9073281367	0.2268306307	0.0000000000	0.1493200213	0.5972837806
-0.9073281367	2.3299325170	0.0891864268	-0.1493200213	0.0000000000	-1.5190905333
0.2268306307	0.0891864268	2.6643839628	-0.5972837806	1.5190905333	0.0000000000
0.0000000000	-0.1493200213	-0.5972837806	1.0000000000	0.0000000000	0.0000000000
0.1493200213	0.0000000000	1.5190905333	0.0000000000	1.0000000000	0.0000000000
0.5972837806	-1.5190905333	0.0000000000	0.0000000000	0.0000000000	1.0000000000
2	3	37
5.2975557959	0.0678324817	-0.0938287978	0.0000000000	-1.8652586937	-1.3484679461
0.0678324817	3.4817204234	2.5152415595	1.8652586937	0.0000000000	-0.0503033698
-0.0938287978	2.5152415595	1.8208962305	1.3484679461	0.0503033698	0.0000000000
0.0000000000	1.8652586937	1.3484679461	1.0000000000	0.0000000000	0.0000000000
-1.8652586937	0.0000000000	0.0503033698	0.0000000000	1.0000000000	0.0000000000
-1.3484679461	-0.0503033698	0.0000000000	0.0000000000	0.0000000000	1.0000000000
2	4	37
1.8281685994	0.4252808077	-0.1757935375	0.0000000000	-0.5165135860	-1.2495528460
0.4252808077	0.3826219538	0.6454110214	0.5165135860	0.0000000000	-0.3403463960
-0.1757935375	0.6454110214	1.6772179841	1.2495528460	0.3403463960	0.0000000000
0.0000000000	0.5165135860	1.2495528460	1.0000000000	0.0000000000	0.0000000000
-0.5165135860	0.0000000000	0.3403463960	0.0000000000	1.0000000000	0.0000000000
-1.2495528460	-0.3403463960	0.0000000000	0.0000000000	0.0000000000	1.0000000000
2	5	37
21.8767364268	1.0378001761	0.1041325738	0.0000000000	-0.4669698179	4.6538882256
1.0378001761	0.2677881914	-2.1732253371	0.4669698179	0.0000000000	0.2229963690
0.1041325738	-2.1732253371	21.7084029966	-4.6538882256	-0.2229963690	0.0000000000
0.0000000000	0.4669698179	-4.6538882256	1.0000000000	0.0000000000	0.0000000000
-0.4669698179	0.0000000000	-0.2229963690	0.0000000000	1.0000000000	0.0000000000
4.6538882256	0.2229963690	0.0000000000	0.0000000000	0.0000000000	1.0000000000
20	21	37
3.7248382554	4.1247331213	-0.2344428117	0.0000000000	-0.1095202416	-1.9268740416
4.1247331213	4.5943109032	0.2110317106	0.1095202416	0.0000000000	-2.1406345367
-0.2344428117	0.2110317106	8.2951597919	1.9268740416	2.1406345367	0.0000000000
0.0000000000	0.1095202416	1.9268740416	1.0000000000	0.0000000000	0.0000000000
-0.1095202416	0.0000000000	2.1406345367	0.0000000000	1.0000000000	0.0000000000
-1.9268740416	-2.1406345367	0.0000000000	0.0000000000	0.0000000000	1.0000000000
20	22	37
4.6176145230	3.0485662120	1.1554966651	0.0000000000	-0.7616102695	2.0093691349
3.0485662120	2.8818725915	-1.5303561685	0.7616102695	0.0000000000	1.5171757936
1.1554966651	-1.5303561685	6.3393867091	-2.0093691349	-1.5171757936	0.0000000000
0.0000000000	0.7616102695	-2.0093691349	1.0000000000	0.0000000000	0.0000000000
-0.7616102695	0.0000000000	-1.5171757936	0.0000000000	1.0000000000	0.0000000000
2.0093691349	1.5171757936	0.0000000000	0.0000000000	0.0000000000	1.0000000000
20	23	37
26.0953677445	-10.6463252670	16.4144296721	0.0000000000	-4.2858223915	-2.7797651291
-10.6463252670	33.0366908515	11.9135796334	4.2858223915	0.0000000000	3.8299369812
16.4144296721	11.9135796334	22.3955114529	2.7797651291	-3.8299369812	0.0000000000
0.0000000000	4.2858223915	2.7797651291	1.0000000000	0.0000000000	0.0000000000
-4.2858223915	0.0000000000	-3.8299369812	0.0000000000	1.0000000000	0.0000000000
-2.7797651291	3.8299369812	0.0000000000	0.0000000000	0.0000000000	1.0000000000
21	22	37
19.5895804954	2.1877859602	6.5073487260	0.0000000000	-4.1952586174	1.4104558229
2.1877859602	20.0061675144	-5.9172269457	4.1952586174	0.0000000000	1.5511198044
6.5073487260	-5.9172269457	4.3953582760	-1.4104558229	-1.5511198044	0.0000000000
0.0000000000	4.1952586174	-1.4104558229	1.0000000000	0.0000000000	0.0000000000
-4.1952586174	0.0000000000	-1.5511198044	0.0000000000	1.0000000000	0.0000000000
1.4104558229	1.5511198044	0.0000000000	0.0000000000	0.0000000000	1.0000000000
21	23	37
0.3198877540	-0.3793336079	0.1279688463	0.0000000000	0.1807910502	0.5359126329
-0.3793336079	0.5337049324	0.0968882077	-0.1807910502	0.0000000000	-0.7078273296
0.1279688463	0.0968882077	0.7882218787	-0.5359126329	0.7078273296	0.0000000000
0.0000000000	-0.1807910502	-0.5359126329	1.0000000000	0.0000000000	0.0000000000
0.1807910502	0.0000000000	0.7078273296	0.0000000000	1.0000000000	0.0000000000
0.5359126329	-0.7078273296	0.0000000000	0.0000000000	0.0000000000	1.0000000000
21	24	37
42.0944740727	14.3732032971	-30.6385922948	0.0000000000	-5.8738031387	-2.7555236816
14.3732032971	61.7097025293	16.1854036501	5.8738031387	0.0000000000	-5.2161421776
-30.6385922948	16.1854036501	34.8010499768	2.7555236816	5.2161421776	0.0000000000
0.0000000000	5.8738031387	2.7555236816	1.0000000000	0.0000000000	0.0000000000
-5.8738031387	0.0000000000	5.2161421776	0.0000000000	1.0000000000	0.0000000000
-2.7555236816	-5.2161421776	0.0000000000	0.0000000000	0.0000000000	1.0000000000
22	23	37
3.2629725947	4.3276982568	1.4105378498	0.0000000000	-0.5597722530	1.7174479961
4.3276982568	6.6629506268	-0.9613797343	0.5597722530	0.0000000000	2.5198423862
1.4105378498	-0.9613797343	9.2992332710	-1.7174479961	-2.5198423862	0.0000000000
0.0000000000	0.5597722530	-1.7174479961	1.0000000000	0.0000000000	0.0000000000
-0.5597722530	0.0000000000	-2.5198423862	0.0000000000	1.0000000000	0.0000000000
1.7174479961	2.5198423862	0.0000000000	0.0000000000	0.0000000000	1.0000000000
22	24	37
2.1419990346	1.0435337281	0.5673128760	0.0000000000	-0.6990343928	1.2858265638
1.0435337281	1.1472892209	-0.8988369913	0.6990343928	0.0000000000	0.8115664721
0.5673128760	-0.8988369913	2.3119900908	-1.2858265638	-0.8115664721	0.0000000000
0.0000000000	0.6990343928	-1.2858265638	1.0000000000	0.0000000000	0.0000000000
-0.6990343928	0.0000000000	-0.8115664721	0.0000000000	1.0000000000	0.0000000000
1.2858265638	0.8115664721	0.0000000000	0.0000000000	0.0000000000	1.0000000000
22	25	37
63.7328651236	-26.8767478624	86.2712067027	0.0000000000	-7.6219720840	-2.3745329380
-26.8767478624	186.2085902368	18.0986237661	7.6219720840	0.0000000000	11.3187513351
86.2712067027	18.0986237661	133.7525384605	2.3745329380	-11.3187513351	0.0000000000
0.0000000000	7.6219720840	2.3745329380	1.0000000000	0.0000000000	0.0000000000
-7.6219720840	0.0000000000	-11.3187513351	0.0000000000	1.0000000000	0.0000000000
-2.3745329380	11.3187513351	0.0000000000	0.0000000000	0.0000000000	1.0000000000
23	24	37
5.0836441493	3.0015081894	-3.7141586148	0.0000000000	-1.7536473274	-1.4171680212
3.0015081894	7.5610424991	2.4852129129	1.7536473274	0.0000000000	-2.1179621220
-3.7141586148	2.4852129129	6.4941287504	1.4171680212	2.1179621220	0.0000000000
0.0000000000	1.7536473274	1.4171680212	1.0000000000	0.0000000000	0.0000000000
-1.7536473274	0.0000000000	2.1179621220	0.0000000000	1.0000000000	0.0000000000
-1.4171680212	-2.1179621220	0.0000000000	0.0000000000	0.0000000000	1.0000000000
23	25	37
5.2555658389	-0.9541813990	0.3994358979	0.0000000000	-0.8852433562	-2.1146891117
-0.9541813990	0.9872516088	1.8720144866	0.8852433562	0.0000000000	0.4512159228
0.3994358979	1.8720144866	4.6755058482	2.1146891117	-0.4512159228	0.0000000000
0.0000000000	0.8852433562	2.1146891117	1.0000000000	0.0000000000	0.0000000000
-0.8852433562	0.0000000000	-0.4512159228	0.0000000000	1.0000000000	0.0000000000
-2.1146891117	0.4512159228	0.0000000000	0.0000000000	0.0000000000	1.0000000000
23	26	37
2.6878613118	-2.0321862116	0.2760552147	0.0000000000	-0.2206812352	-1.6245495081
-2.0321862116	1.6135083551	0.3585075921	0.2206812352	0.0000000000	1.2509229183
0.2760552147	0.3585075921	4.2039692518	1.6245495081	-1.2509229183	0.0000000000
0.0000000000	0.2206812352	1.6245495081	1.0000000000	0.0000000000	0.0000000000
-0.2206812352	0.0000000000	-1.2509229183	0.0000000000	1.0000000000	0.0000000000
-1.6245495081	1.2509229183	0.0000000000	0.0000000000	0.0000000000	1.0000000000
24	25	37
12.3270290388	-3.0379210993	8.2713945698	0.0000000000	-3.2957282066	-1.2104563713
-3.0379210993	17.1605791639	3.9893352058	3.2957282066	0.0000000000	2.5097320080
8.2713945698	3.9893352058	7.7639593787	1.2104563713	-2.5097320080	0.0000000000
0.0000000000	3.2957282066	1.2104563713	1.0000000000	0.0000000000	0.0000000000
-3.2957282066	0.0000000000	-2.5097320080	0.0000000000	1.0000000000	0.0000000000
-1.2104563713	2.5097320080	0.0000000000	0.0000000000	0.0000000000	1.0000000000
24	26	37
2.2593727805	0.7806240167	0.2540111544	0.0000000000	-0.4651044011	1.4293532372
0.7806240167	0.5145887414	-0.6647984813	0.4651044011	0.0000000000	0.5461379290
0.2540111544	-0.6647984813	2.3413173140	-1.4293532372	-0.5461379290	0.0000000000
0.0000000000	0.4651044011	-1.4293532372	1.0000000000	0.0000000000	0.0000000000
-0.4651044011	0.0000000000	-0.5461379290	0.0000000000	1.0000000000	0.0000000000
1.4293532372	0.5461379290	0.0000000000	0.0000000000	0.0000000000	1.0000000000
24	27	37
1.7225995554	-3.0408394600	-2.5956811015	0.0000000000	-0.8521129489	0.9982500076
-3.0408394600	10.0052495763	-0.8506217577	0.8521129489	0.0000000000	-3.0461702347
-2.5956811015	-0.8506217577	10.2756561764	-0.9982500076	3.0461702347	0.0000000000
0.0000000000	0.8521129489	-0.9982500076	1.0000000000	0.0000000000	0.0000000000
-0.8521129489	0.0000000000	3.0461702347	0.0000000000	1.0000000000	0.0000000000
0.9982500076	-3.0461702347	0.0000000000	0.0000000000	0.0000000000	1.0000000000
25	26	37
4.1493435371	0.9912670234	-0.0882044680	0.0000000000	-0.1805415154	-2.0289771557
0.9912670234	0.2712812697	0.3663146103	0.1805415154	0.0000000000	-0.4885550439
-0.0882044680	0.3663146103	4.3554343292	2.0289771557	0.4885550439	0.0000000000
0.0000000000	0.1805415154	2.0289771557	1.0000000000	0.0000000000	0.0000000000
-0.1805415154	0.0000000000	0.4885550439	0.0000000000	1.0000000000	0.0000000000
-2.0289771557	-0.4885550439	0.0000000000	0.0000000000	0.0000000000	1.0000000000
25	27	37
3.7159447725	0.3057227736	0.0425212746	0.0000000000	-0.2655538619	1.9092998505
0.3057227736	0.0961582209	-0.5070219487	0.2655538619	0.0000000000	0.1601229757
0.0425212746	-0.5070219487	3.6710652863	-1.9092998505	-0.1601229757	0.0000000000
0.0000000000	0.2655538619	-1.9092998505	1.0000000000	0.0000000000	0.0000000000
-0.2655538619	0.0000000000	-0.1601229757	0.0000000000	1.0000000000	0.0000000000
1.9092998505	0.1601229757	0.0000000000	0.0000000000	0.0000000000	1.0000000000
25	28	37
1.3330372206	-0.9340922206	-0.1515120010	0.0000000000	0.1848584116	-1.1396774054
-0.9340922206	0.7059349426	-0.2106789548	-0.1848584116	0.0000000000	0.8196110725
-0.1515120010	-0.2106789548	1.9706268985	1.1396774054	-0.8196110725	0.0000000000
0.0000000000	-0.1848584116	1.1396774054	1.0000000000	0.0000000000	0.0000000000
0.1848584116	0.0000000000	-0.8196110725	0.0000000000	1.0000000000	0.0000000000
-1.1396774054	0.8196110725	0.0000000000	0.0000000000	0.0000000000	1.0000000000
26	27	37
20.5009513848	21.4358827345	-16.9042252284	0.0000000000	-2.8036985397	-3.5553095341
21.4358827345	44.2126920611	9.9680161490	2.8036985397	0.0000000000	-6.0292592049
-16.9042252284	9.9680161490	48.9921924425	3.5553095341	6.0292592049	0.0000000000
0.0000000000	2.8036985397	3.5553095341	1.0000000000	0.0000000000	0.0000000000
-2.8036985397	0.0000000000	6.0292592049	0.0000000000	1.0000000000	0.0000000000
-3.5553095341	-6.0292592049	0.0000000000	0.0000000000	0.0000000000	1.0000000000
26	28	37
0.0343508861	-0.0216135491	0.1024225470	0.0000000000	0.1813461483	0.0382682718
-0.0216135491	0.3518745180	0.0069398037	-0.1813461483	0.0000000000	-0.5647903085
0.1024225470	0.0069398037	0.3204525532	-0.0382682718	0.5647903085	0.0000000000
0.0000000000	-0.1813461483	-0.0382682718	1.0000000000	0.0000000000	0.0000000000
0.1813461483	0.0000000000	0.5647903085	0.0000000000	1.0000000000	0.0000000000
0.0382682718	-0.5647903085	0.0000000000	0.0000000000	0.0000000000	1.0000000000
26	29	37
11.0252647028	0.7937625266	-0.2867453170	0.0000000000	-1.1281449795	-3.1229078770
0.7937625266	1.3373156049	3.5230928428	1.1281449795	0.0000000000	-0.2541741729
-0.2867453170	3.5230928428	9.8171581182	3.1229078770	0.2541741729	0.0000000000
0.0000000000	1.1281449795	3.1229078770	1.0000000000	0.0000000000	0.0000000000
-1.1281449795	0.0000000000	0.2541741729	0.0000000000	1.0000000000	0.0000000000
-3.1229078770	-0.2541741729	0.0000000000	0.0000000000	0.0000000000	1.0000000000
27	28	37
0.4350505819	-0.6733234612	0.1681171979	0.0000000000	0.1597813964	0.6399378777
-0.6733234612	1.1325918840	0.1022501677	-0.1597813964	0.0000000000	-1.0521700382
0.1681171979	0.1022501677	1.5165822766	-0.6399378777	1.0521700382	0.0000000000
0.0000000000	-0.1597813964	-0.6399378777	1.0000000000	0.0000000000	0.0000000000
0.1597813964	0.0000000000	1.0521700382	0.0000000000	1.0000000000	0.0000000000
0.6399378777	-1.0521700382	0.0000000000	0.0000000000	0.0000000000	1.0000000000
27	29	37
4.9855325915	-5.2088868267	2.2521249097	0.0000000000	-0.8861138225	-2.0494718552
-5.2088868267	7.2448021701	1.8160653396	0.8861138225	0.0000000000	2.5415751934
2.2521249097	1.8160653396	10.6599393488	2.0494718552	-2.5415751934	0.0000000000
0.0000000000	0.8861138225	2.0494718552	1.0000000000	0.0000000000	0.0000000000
-0.8861138225	0.0000000000	-2.5415751934	0.0000000000	1.0000000000	0.0000000000
-2.0494718552	2.5415751934	0.0000000000	0.0000000000	0.0000000000	1.0000000000
27	30	37
10.6630694269	0.3105765342	-0.9283756043	0.0000000000	-3.0967435837	-1.0359771252
0.3105765342	9.6796954181	3.2081555152	3.0967435837	0.0000000000	-0.2997909188
-0.9283756043	3.2081555152	1.1631231989	1.0359771252	0.2997909188	0.0000000000
0.0000000000	3.0967435837	1.0359771252	1.0000000000	0.0000000000	0.0000000000
-3.0967435837	0.0000000000	0.2997909188	0.0000000000	1.0000000000	0.0000000000
-1.0359771252	-0.2997909188	0.0000000000	0.0000000000	0.0000000000	1.0000000000
28	29	37
2.4412837006	-0.2804921156	0.0163036377	0.0000000000	-0.0906651914	-1.5598280430
-0.2804921156	0.0405562940	0.1414221081	0.0906651914	0.0000000000	0.1798224598
0.0163036377	0.1414221081	2.4653996407	1.5598280430	-0.1798224598	0.0000000000
0.0000000000	0.0906651914	1.5598280430	1.0000000000	0.0000000000	0.0000000000
-0.0906651914	0.0000000000	-0.1798224598	0.0000000000	1.0000000000	0.0000000000
-1.5598280430	0.1798224598	0.0000000000	0.0000000000	0.0000000000	1.0000000000
28	30	37
17.9933358449	9.2066275054	9.0017887543	0.0000000000	-2.9655141830	3.0329954624
9.2066275054	18.0084741286	-8.9943910609	2.9655141830	0.0000000000	3.0354900360
9.0017887543	-8.9943910609	18.4132612338	-3.0329954624	-3.0354900360	0.0000000000
0.0000000000	2.9655141830	-3.0329954624	1.0000000000	0.0000000000	0.0000000000
-2.9655141830	0.0000000000	-3.0354900360	0.0000000000	1.0000000000	0.0000000000
3.0329954624	3.0354900360	0.0000000000	0.0000000000	0.0000000000	1.0000000000
28	31	37
0.9973866566	-1.2437658839	-0.0656829033	0.0000000000	-0.0526672602	0.9973027706
-1.2437658839	1.5581062759	-0.0525252045	0.0526672602	0.0000000000	-1.2471296787
-0.0656829033	-0.0525252045	2.5499452518	-0.9973027706	1.2471296787	0.0000000000
0.0000000000	0.0526672602	-0.9973027706	1.0000000000	0.0000000000	0.0000000000
-0.0526672602	0.0000000000	1.2471296787	0.0000000000	1.0000000000	0.0000000000
0.9973027706	-1.2471296787	0.0000000000	0.0000000000	0.0000000000	1.0000000000
29	30	37
6.8832816226	-0.2134742639	0.1295884207	0.0000000000	-1.3614306450	-2.2427189350
-0.2134742639	1.8625536755	3.0533062862	1.3614306450	0.0000000000	0.0951854736
0.1295884207	3.0533062862	5.0388484958	2.2427189350	-0.0951854736	0.0000000000
0.0000000000	1.3614306450	2.2427189350	1.0000000000	0.0000000000	0.0000000000
-1.3614306450	0.0000000000	-0.0951854736	0.0000000000	1.0000000000	0.0000000000
-2.2427189350	0.0951854736	0.0000000000	0.0000000000	0.0000000000	1.0000000000
29	31	37
2.3827265653	0.5658344719	0.3584499171	0.0000000000	-0.8260557055	1.3039779663
0.5658344719	0.8706628163	-1.0771584390	0.8260557055	0.0000000000	0.4339294732
0.3584499171	-1.0771584390	1.8886533243	-1.3039779663	-0.4339294732	0.0000000000
0.0000000000	0.8260557055	-1.3039779663	1.0000000000	0.0000000000	0.0000000000
-0.8260557055	0.0000000000	-0.4339294732	0.0000000000	1.0000000000	0.0000000000
1.3039779663	0.4339294732	0.0000000000	0.0000000000	0.0000000000	1.0000000000
29	32	37
1.6010798105	-0.5734628556	0.0825992001	0.0000000000	-0.1803923547	-1.2524130344
-0.5734628556	0.2422013277	0.2259257364	0.1803923547	0.0000000000	0.4578863680
0.0825992001	0.2259257364	1.7781983349	1.2524130344	-0.4578863680	0.0000000000
0.0000000000	0.1803923547	1.2524130344	1.0000000000	0.0000000000	0.0000000000
-0.1803923547	0.0000000000	-0.4578863680	0.0000000000	1.0000000000	0.0000000000
-1.2524130344	0.4578863680	0.0000000000	0.0000000000	0.0000000000	1.0000000000
3	4	37
0.1827587935	-0.3523203143	0.0190132655	0.0000000000	0.0230370406	0.4268818200
-0.3523203143	0.6817078229	0.0098340938	-0.0230370406	0.0000000000	-0.8253345490
0.0190132655	0.0098340938	0.8634052059	-0.4268818200	0.8253345490	0.0000000000
0.0000000000	-0.0230370406	-0.4268818200	1.0000000000	0.0000000000	0.0000000000
0.0230370406	0.0000000000	0.8253345490	0.0000000000	1.0000000000	0.0000000000
0.4268818200	-0.8253345490	0.0000000000	0.0000000000	0.0000000000	1.0000000000
3	5	37
47.6890567265	-3.7259604469	0.8003566319	0.0000000000	-1.4503054619	-6.7517161369
-3.7259604469	2.4079285886	9.7920507905	1.4503054619	0.0000000000	0.5518538356
0.8003566319	9.7920507905	45.8902134496	6.7517161369	-0.5518538356	0.0000000000
0.0000000000	1.4503054619	6.7517161369	1.0000000000	0.0000000000	0.0000000000
-1.4503054619	0.0000000000	-0.5518538356	0.0000000000	1.0000000000	0.0000000000
-6.7517161369	0.5518538356	0.0000000000	0.0000000000	0.0000000000	1.0000000000
3	6	37
5.6231306598	3.8242790383	-2.7127553512	0.0000000000	-1.3719707727	-1.9341217279
3.8242790383	5.7918967110	2.6535584817	1.3719707727	0.0000000000	-1.9772690535
-2.7127553512	2.6535584817	7.6504197683	1.9341217279	1.9772690535	0.0000000000
0.0000000000	1.3719707727	1.9341217279	1.0000000000	0.0000000000	0.0000000000
-1.3719707727	0.0000000000	1.9772690535	0.0000000000	1.0000000000	0.0000000000
-1.9341217279	-1.9772690535	0.0000000000	0.0000000000	0.0000000000	1.0000000000
30	31	37
1.9676913607	0.9021577429	0.4131918158	0.0000000000	-0.5841128230	1.2753444910
0.9021577429	0.8415793094	-0.7449450710	0.5841128230	0.0000000000	0.7073835731
0.4131918158	-0.7449450710	2.1268950902	-1.2753444910	-0.7073835731	0.0000000000
0.0000000000	0.5841128230	-1.2753444910	1.0000000000	0.0000000000	0.0000000000
-0.5841128230	0.0000000000	-0.7073835731	0.0000000000	1.0000000000	0.0000000000
1.2753444910	0.7073835731	0.0000000000	0.0000000000	0.0000000000	1.0000000000
30	32	37
5.5772035466	-2.5250737404	-3.2914536308	0.0000000000	-1.8737419844	1.4374611378
-2.5250737404	6.5966246974	-2.6934312847	1.8737419844	0.0000000000	-1.7566205263
-3.2914536308	-2.6934312847	5.1520101961	-1.4374611378	1.7566205263	0.0000000000
0.0000000000	1.8737419844	-1.4374611378	1.0000000000	0.0000000000	0.0000000000
-1.8737419844	0.0000000000	1.7566205263	0.0000000000	1.0000000000	0.0000000000
1.4374611378	-1.7566205263	0.0000000000	0.0000000000	0.0000000000	1.0000000000
30	33	37
4.0336155994	-0.4650011892	-0.3356812241	0.0000000000	-1.1755391359	1.6284112930
-0.4650011892	1.4634339891	-1.9142612044	1.1755391359	0.0000000000	-0.2855551243
-0.3356812241	-1.9142612044	2.7332650683	-1.6284112930	0.2855551243	0.0000000000
0.0000000000	1.1755391359	-1.6284112930	1.0000000000	0.0000000000	0.0000000000
-1.1755391359	0.0000000000	0.2855551243	0.0000000000	1.0000000000	0.0000000000
1.6284112930	-0.2855551243	0.0000000000	0.0000000000	0.0000000000	1.0000000000
31	32	37
1.7226432920	0.9791078619	0.1427246492	0.0000000000	0.1893216670	-1.2987688780
0.9791078619	0.6041684377	-0.2458850890	-0.1893216670	0.0000000000	-0.7538738251
0.1427246492	-0.2458850890	2.2551263425	1.2987688780	0.7538738251	0.0000000000
0.0000000000	-0.1893216670	1.2987688780	1.0000000000	0.0000000000	0.0000000000
0.1893216670	0.0000000000	0.7538738251	0.0000000000	1.0000000000	0.0000000000
-1.2987688780	-0.7538738251	0.0000000000	0.0000000000	0.0000000000	1.0000000000
31	33	37
52.1031766902	0.9444366769	-11.5284179028	0.0000000000	-7.1941523552	-0.5893628597
0.9444366769	54.3237402502	4.2399662054	7.1941523552	0.0000000000	-1.6024706364
-11.5284179028	4.2399662054	2.9152607208	0.5893628597	1.6024706364	0.0000000000
0.0000000000	7.1941523552	0.5893628597	1.0000000000	0.0000000000	0.0000000000
-7.1941523552	0.0000000000	1.6024706364	0.0000000000	1.0000000000	0.0000000000
-0.5893628597	-1.6024706364	0.0000000000	0.0000000000	0.0000000000	1.0000000000
31	34	37
5.2933659760	0.7652607340	0.5622574473	0.0000000000	-1.3622484207	1.8540887833
0.7652607340	2.0260769060	-2.5257295169	1.3622484207	0.0000000000	0.4127422273
0.5622574473	-2.5257295169	3.6080013624	-1.8540887833	-0.4127422273	0.0000000000
0.0000000000	1.3622484207	-1.8540887833	1.0000000000	0.0000000000	0.0000000000
-1.3622484207	0.0000000000	-0.4127422273	0.0000000000	1.0000000000	0.0000000000
1.8540887833	0.4127422273	0.0000000000	0.0000000000	0.0000000000	1.0000000000
31	35	37
7.8576253177	3.9886746157	-0.3059197577	0.0000000000	-0.2143635601	-2.7949371338
3.9886746157	2.0825863985	0.5991326742	0.2143635601	0.0000000000	-1.4271070957
-0.3059197577	0.5991326742	9.8483082445	2.7949371338	1.4271070957	0.0000000000
0.0000000000	0.2143635601	2.7949371338	1.0000000000	0.0000000000	0.0000000000
-0.2143635601	0.0000000000	1.4271070957	0.0000000000	1.0000000000	0.0000000000
-2.7949371338	-1.4271070957	0.0000000000	0.0000000000	0.0000000000	1.0000000000
32	33	37
0.1949514997	0.4887291788	0.2351243349	0.0000000000	0.1914185733	-0.3978824317
0.4887291788	1.5454248631	-0.0761620874	-0.1914185733	0.0000000000	-1.2283256054
0.2351243349	-0.0761620874	1.6670942224	0.3978824317	1.2283256054	0.0000000000
0.0000000000	-0.1914185733	0.3978824317	1.0000000000	0.0000000000	0.0000000000
0.1914185733	0.0000000000	1.2283256054	0.0000000000	1.0000000000	0.0000000000
-0.3978824317	-1.2283256054	0.0000000000	0.0000000000	0.0000000000	1.0000000000
32	34	37
13.8826171868	4.2370541193	-3.1263826863	0.0000000000	-2.2122142315	-2.9981203079
4.2370541193	6.8911302185	6.6324844129	2.2122142315	0.0000000000	-1.4132368565
-3.1263826863	6.6324844129	10.9859637932	2.9981203079	1.4132368565	0.0000000000
0.0000000000	2.2122142315	2.9981203079	1.0000000000	0.0000000000	0.0000000000
-2.2122142315	0.0000000000	1.4132368565	0.0000000000	1.0000000000	0.0000000000
-2.9981203079	-1.4132368565	0.0000000000	0.0000000000	0.0000000000	1.0000000000
32	35	37
