0	 1	 37	
0.9843110000	-0.1727000000	-0.0361340000	0.6057420000
0.1726860000	0.9849700000	-0.0035320000	0.0407490000
0.0362000000	-0.0027620000	0.9993410000	0.0269290000
0.0000000000	0.0000000000	0.0000000000	1.0000000000
0	 2	 37	
0.9991160000	0.0231160000	-0.0351070000	1.2408340000
-0.0228600000	0.9997090000	0.0076680000	0.2138240000
0.0352740000	-0.0068590000	0.9993540000	0.0614030000
0.0000000000	0.0000000000	0.0000000000	1.0000000000
1	 2	 37	
0.9807711343	0.1951409286	0.0029454436	0.6562642677
-0.1951614382	0.9807113499	0.0108542780	0.0606981120
-0.0007694580	-0.0112217720	0.9999363125	0.0108920596
0.0000000000	0.0000000000	0.0000000000	1.0000000000
1	 3	 37	
0.8014705981	0.5980352482	-0.0003352484	1.2320581604
-0.5979440720	0.8013587990	0.0169613122	-0.1551845861
0.0104131051	-0.0133943499	0.9998558882	0.0263402330
0.0000000000	0.0000000000	0.0000000000	1.0000000000
2	 3	 37	
0.9027463752	0.4301512568	-0.0044094021	0.6068417611
-0.4301275503	0.9027524495	0.0053499403	-0.0995310407
0.0062813372	-0.0029330711	0.9999762171	0.0147991406
0.0000000000	0.0000000000	0.0000000000	1.0000000000
2	 4	 37	
0.6406216548	0.7676575722	0.0175318306	0.8663424998
-0.7678464606	0.6403224423	0.0199973074	-0.4238844679
0.0041247174	-0.0262723535	0.9996465154	0.0223926768
0.0000000000	0.0000000000	0.0000000000	1.0000000000
2	 5	 37	
0.2942365458	0.9544463819	0.0495682737	1.1528754874
-0.9556893414	0.2943185990	0.0057873736	-0.7137826947
-0.0090658296	-0.0490751129	0.9987534190	0.0371306209
0.0000000000	0.0000000000	0.0000000000	1.0000000000
3	 4	 37	
0.9086166874	0.4174143201	0.0135050502	0.3738243943
-0.4176232039	0.9083377999	0.0226619418	-0.1812085652
-0.0028075957	-0.0262306781	0.9996519293	0.0047140336
0.0000000000	0.0000000000	0.0000000000	1.0000000000
3	 5	 37	
0.6766324814	0.7347198075	0.0485322999	0.7572767852
-0.7361578213	0.6763963499	0.0236170116	-0.3197056458
-0.0154755578	-0.0517074470	0.9985415898	0.0166374458
0.0000000000	0.0000000000	0.0000000000	1.0000000000
3	 6	 37	
0.9108330394	0.4122566562	0.0207013934	1.1203851283
-0.4125117075	0.9108989279	0.0098935458	-0.6377658820
-0.0147788673	-0.0175508605	0.9997366901	0.0239357786
0.0000000000	0.0000000000	0.0000000000	1.0000000000
4	 5	 37	
0.9222785215	0.3852442457	0.0314305557	0.4062168157
-0.3858381169	0.9224348519	0.0155175118	0.0339434806
-0.0230149788	-0.0264389478	0.9993847255	0.0139591240
0.0000000000	0.0000000000	0.0000000000	1.0000000000
4	 6	 37	
0.9999127453	-0.0057802890	0.0118708452	0.8689513977
0.0058821193	0.9999458079	-0.0085963843	-0.1035875781
-0.0118213392	0.0086651835	0.9998925630	0.0189508331
0.0000000000	0.0000000000	0.0000000000	1.0000000000
4	 7	 37	
0.8703032239	-0.4905751258	0.0436911355	1.3361908115
0.4897393166	0.8713909009	0.0288456910	0.0508991059
-0.0522226907	-0.0037063898	0.9986287353	-0.0011863549
0.0000000000	0.0000000000	0.0000000000	1.0000000000
4	 11	 37	
-0.5976496822	-0.7984992224	-0.0722111482	2.1118284346
0.8016582536	-0.5965633606	-0.0381437267	1.7693044769
-0.0126199961	-0.0806851334	0.9966598806	0.0142680942
0.0000000000	0.0000000000	0.0000000000	1.0000000000
4	 12	 37	
-0.6318236949	-0.7718725077	-0.0707914428	1.7732574432
0.7749890135	-0.6307073570	-0.0399934563	2.2154601373
-0.0137786889	-0.0801303881	0.9966888833	0.0234236981
0.0000000000	0.0000000000	0.0000000000	1.0000000000
4	 13	 37	
-0.6588258888	-0.7504035365	-0.0533044418	1.4301903944
0.7522941885	-0.6570754559	-0.0480094720	2.6722297535
0.0010016617	-0.0717308514	0.9974233153	0.0436977535
0.0000000000	0.0000000000	0.0000000000	1.0000000000
5	 6	 37	
0.9202018582	-0.3913487081	-0.0087471289	0.4797207506
0.3909493341	0.9199307831	-0.0297922405	0.0512702957
0.0197055003	0.0239950668	0.9995185508	0.0173987096
0.0000000000	0.0000000000	0.0000000000	1.0000000000
5	 7	 37	
0.6149043873	-0.7885789592	0.0061825509	0.8515026728
0.7884137648	0.6149095505	0.0170377102	0.3743083076
-0.0172364540	-0.0056014027	0.9998366597	0.0143569883
0.0000000000	0.0000000000	0.0000000000	1.0000000000
5	 8	 37	
0.4616838184	-0.8865087671	0.0308514534	1.2089408698
0.8857653180	0.4626064625	0.0376346929	0.8564399943
-0.0476341277	0.0099522307	0.9988155144	0.0003366349
0.0000000000	0.0000000000	0.0000000000	1.0000000000
5	 10	 37	
-0.5330905930	-0.8434650647	-0.0662025029	1.4073300355
0.8454525727	-0.5281125957	-0.0794210154	1.8866268645
0.0320260636	-0.0983100654	0.9946407692	0.0685250977
0.0000000000	0.0000000000	0.0000000000	1.0000000000
5	 11	 37	
-0.8602209328	-0.5044052788	-0.0748193341	0.9034738574
0.5095713749	-0.8557761821	-0.0893544531	2.2578300276
-0.0189570955	-0.1149905828	0.9931865599	0.0808467951
0.0000000000	0.0000000000	0.0000000000	1.0000000000
5	 12	 37	
-0.8814222313	-0.4666866740	-0.0727969378	0.4188616320
0.4718359722	-0.8770287279	-0.0905145447	2.5387056965
-0.0216030480	-0.1141291095	0.9932314639	0.0862784581
0.0000000000	0.0000000000	0.0000000000	1.0000000000
5	 13	 37	
-0.8979094226	-0.4369057428	-0.0535930397	-0.0742483835
0.4401082132	-0.8933028985	-0.0911914576	2.8273460295
-0.0080326488	-0.1054691089	0.9943906897	0.1028451366
0.0000000000	0.0000000000	0.0000000000	1.0000000000
5	 14	 37	
-0.8818713593	-0.4688805163	-0.0495377229	-0.5812322070
0.4714628177	-0.8758101608	-0.1033401291	3.0869985042
0.0050688784	-0.1144887040	0.9934122529	0.1151330307
0.0000000000	0.0000000000	0.0000000000	1.0000000000
6	 7	 37	
0.8737256359	-0.4853626064	0.0320527124	0.4683455270
0.4842299495	0.8741469187	0.0372451732	0.1516032145
-0.0460949772	-0.0170204979	0.9987922123	-0.0159160963
0.0000000000	0.0000000000	0.0000000000	1.0000000000
6	 8	 37	
0.7701925106	-0.6347139827	0.0627853068	0.9854731945
0.6330195169	0.7727366648	0.0465143252	0.4549112562
-0.0780380735	0.0039196065	0.9969421612	-0.0474197732
0.0000000000	0.0000000000	0.0000000000	1.0000000000
6	 10	 37	
-0.1593899188	-0.9845596357	-0.0723689306	1.5721257352
0.9871483361	-0.1580973205	-0.0232869895	1.3266071613
0.0114857612	-0.0751514510	0.9971056638	-0.0116907920
0.0000000000	0.0000000000	0.0000000000	1.0000000000
6	 11	 37	
-0.5927326789	-0.8009852449	-0.0842102720	1.2538414945
0.8049596947	-0.5926149171	-0.0290877676	1.8655661003
-0.0266048720	-0.0850278699	0.9960234631	-0.0060267732
0.0000000000	0.0000000000	0.0000000000	1.0000000000
6	 12	 37	
-0.6270469017	-0.7745682596	-0.0828019142	0.9178162897
0.7784793835	-0.6269061510	-0.0309453512	2.3137337636
-0.0279398915	-0.0838635755	0.9960852173	-0.0047267526
0.0000000000	0.0000000000	0.0000000000	1.0000000000
6	 13	 37	
-0.6543549583	-0.7533555561	-0.0653722719	0.5772264300
0.7560699387	-0.6533241199	-0.0390556399	2.7726371395
-0.0132866025	-0.0749834056	0.9970960768	0.0075459110
0.0000000000	0.0000000000	0.0000000000	1.0000000000
7	 8	 37	
0.9830614631	-0.1805632966	0.0314255318	0.6001507925
0.1808588470	0.9834854896	-0.0067823328	0.0146782216
-0.0296814190	0.0123508754	0.9994824443	-0.0035942503
0.0000000000	0.0000000000	0.0000000000	1.0000000000
7	 9	 37	
0.8293628210	-0.5490762389	-0.1033099559	1.2226401601
0.5504838797	0.8346735959	-0.0169340057	0.1238317095
0.0955282798	-0.0428274599	0.9945046093	0.0347198240
0.0000000000	0.0000000000	0.0000000000	1.0000000000
7	 10	 37	
0.3382152942	-0.9333259597	-0.1204696194	1.5331790158
0.9400799968	0.3409465353	-0.0022030631	0.4913224173
0.0431285072	-0.1125058933	0.9927141102	0.0833603898
0.0000000000	0.0000000000	0.0000000000	1.0000000000
7	 11	 37	
-0.1268727249	-0.9828839743	-0.1335747283	1.5158055434
0.9917966188	-0.1278180515	-0.0015080441	1.1168389289
-0.0155910257	-0.1326696479	0.9910376345	0.0988889365
0.0000000000	0.0000000000	0.0000000000	1.0000000000
7	 12	 37	
-0.1696149712	-0.9764613337	-0.1332465566	1.4391685662
0.9853264520	-0.1706352812	-0.0038164614	1.6716755033
-0.0190105035	-0.1319371879	0.9910752708	0.1061086920
0.0000000000	0.0000000000	0.0000000000	1.0000000000
7	 13	 37	
-0.2050015146	-0.9711289994	-0.1219916884	1.3632361017
0.9787421580	-0.2041754852	-0.0193829454	2.2379254213
-0.0060848129	-0.1233717499	0.9923415033	0.1245413688
0.0000000000	0.0000000000	0.0000000000	1.0000000000
8	 9	 37	
0.9120380955	-0.3875466718	-0.1341414402	0.6305489666
0.3928199649	0.9195042606	0.0142828741	-0.0045750480
0.1178081665	-0.0657210919	0.9908595200	0.0571157289
0.0000000000	0.0000000000	0.0000000000	1.0000000000
8	 10	 37	
0.5012271360	-0.8525138592	-0.1482930776	1.0008474699
0.8640186833	0.5024516862	0.0318468537	0.3013755319
0.0473587635	-0.1440900071	0.9884307926	0.1129974440
0.0000000000	0.0000000000	0.0000000000	1.0000000000
8	 11	 37	
0.0551136022	-0.9854137678	-0.1610007359	1.0964370903
0.9981341811	0.0501276271	0.0348760004	0.9198910854
-0.0262966167	-0.1626214125	0.9863386402	0.1237295722
0.0000000000	0.0000000000	0.0000000000	1.0000000000
8	 12	 37	
0.0120266891	-0.9868655044	-0.1610967362	1.1212306637
0.9994463412	0.0068668296	0.0325469131	1.4794921454
-0.0310136229	-0.1613970998	0.9864022263	0.1247742139
0.0000000000	0.0000000000	0.0000000000	1.0000000000
8	 13	 37	
-0.0243349178	-0.9879437513	-0.1528854249	1.1484481903
0.9995199632	-0.0269765274	0.0152209088	2.0503293506
-0.0191619717	-0.1524410354	0.9881270661	0.1369707186
0.0000000000	0.0000000000	0.0000000000	1.0000000000
9	 10	 37	
0.8021215650	-0.5971270362	-0.0062934721	0.4644932895
0.5971077539	0.8018651814	0.0217941963	0.1341424271
-0.0079679648	-0.0212382382	0.9997426814	0.0100686313
0.0000000000	0.0000000000	0.0000000000	1.0000000000
9	 11	 37	
0.4392550379	-0.8982020208	-0.0169399050	0.7959044251
0.8981580446	0.4386739581	0.0296418183	0.6651195362
-0.0191919435	-0.0282338184	0.9994175481	0.0167149673
0.0000000000	0.0000000000	0.0000000000	1.0000000000
9	 12	 37	
0.3999178671	-0.9163755417	-0.0179348825	1.0384627898
0.9163727764	0.3993776116	0.0275332376	1.1699979391
-0.0180673382	-0.0274438951	0.9994601620	0.0224175369
0.0000000000	0.0000000000	0.0000000000	1.0000000000
9	 13	 37	
0.3681798359	-0.9295981999	-0.0170486571	1.2889594600
0.9297534047	0.3680877694	0.0083062742	1.6835357337
-0.0014453655	-0.0189084783	0.9998202718	0.0390053736
0.0000000000	0.0000000000	0.0000000000	1.0000000000
10	 11	 37	
0.8887855383	-0.4583071508	-0.0038512747	0.5828293712
0.4583178306	0.8886984618	0.0126569217	0.2277360470
-0.0023768800	-0.0130145529	0.9999129682	0.0161311632
0.0000000000	0.0000000000	0.0000000000	1.0000000000
10	 12	 37	
0.8680995209	-0.4963549510	-0.0059087560	1.0788117910
0.4963890230	0.8680232295	0.0115593481	0.4876209604
-0.0006080800	-0.0129668863	0.9999158784	0.0313091066
0.0000000000	0.0000000000	0.0000000000	1.0000000000
10	 13	 37	
0.8504989881	-0.5257125267	-0.0166813214	1.5862455562
0.5257171024	0.8506473257	-0.0043949219	0.7494781573
0.0165009315	-0.0050323816	0.9998512955	0.0575082847
0.0000000000	0.0000000000	0.0000000000	1.0000000000
11	 12	 37	
0.9990590442	-0.0432922482	-0.0023317026	0.5598954477
0.0432913501	0.9990629337	-0.0000324903	0.0034492128
0.0023301838	-0.0000674352	0.9999969449	0.0165550784
0.0000000000	0.0000000000	0.0000000000	1.0000000000
11	 13	 37	
0.9968168226	-0.0773673706	-0.0192181603	1.1308464034
0.0771989647	0.9969725360	-0.0092730345	0.0032595164
0.0198766854	0.0077595526	0.9997719438	0.0441112679
0.0000000000	0.0000000000	0.0000000000	1.0000000000
11	 14	 37	
0.9987496053	-0.0407773013	-0.0288786791	1.6990416102
0.0407702214	0.9991680464	-0.0008094985	0.0353669697
0.0288872833	-0.0003693236	0.9995823066	0.0710460662
0.0000000000	0.0000000000	0.0000000000	1.0000000000
11	 15	 37	
0.9996723896	-0.0169358682	-0.0191832703	2.3941902226
0.0166710584	0.9997647532	-0.0138745121	0.0214561557
0.0194124316	0.0135504017	0.9997190249	0.1046500943
0.0000000000	0.0000000000	0.0000000000	1.0000000000
12	 13	 37	
0.9992687231	-0.0341153614	-0.0172711610	0.5704705424
0.0339716765	0.9993861841	-0.0085008242	-0.0249086254
0.0175505501	0.0079064657	0.9998146701	0.0262252886
0.0000000000	0.0000000000	0.0000000000	1.0000000000
12	 14	 37	
0.9996436089	0.0025164309	-0.0265566394	1.1395846945
-0.0025071865	0.9999961594	0.0003730026	-0.0174310530
0.0265578420	-0.0003077533	0.9996472676	0.0518345288
0.0000000000	0.0000000000	0.0000000000	1.0000000000
12	 15	 37	
0.9995001329	0.0263937427	-0.0174356356	1.8335562830
-0.0266230443	0.9995592262	-0.0130994924	-0.0614250201
0.0170816694	0.0135563463	0.9997618241	0.0838186066
0.0000000000	0.0000000000	0.0000000000	1.0000000000
13	 14	 37	
0.9992934166	0.0364815585	-0.0089801591	0.5694014004
-0.0363980650	0.9992949658	0.0091838344	-0.0117395917
0.0093091982	-0.0088505563	0.9999175773	0.0157116629
0.0000000000	0.0000000000	0.0000000000	1.0000000000
13	 15	 37	
0.9981644573	0.0605698860	-0.0003215101	1.2619321839
-0.0605691837	0.9981533714	-0.0045906565	-0.0791282239
0.0000422301	0.0046022991	0.9999890905	0.0360780249
0.0000000000	0.0000000000	0.0000000000	1.0000000000
13	 16	 37	
0.9937910186	0.1086708346	0.0239223545	1.9707405427
-0.1086827975	0.9940763761	-0.0007376662	-0.0801443534
-0.0238613521	-0.0018665907	0.9997132122	0.0495799936
0.0000000000	0.0000000000	0.0000000000	1.0000000000
14	 15	 37	
0.9996653790	0.0242381188	0.0091545857	0.6946847248
-0.0241132540	0.9996189019	-0.0134495449	-0.0422574707
-0.0094780500	0.0132249351	0.9998672445	0.0135265170
0.0000000000	0.0000000000	0.0000000000	1.0000000000
14	 16	 37	
0.9968238021	0.0723933164	0.0332385345	1.4031557434
-0.0721409512	0.9973567831	-0.0087123976	-0.0175346402
-0.0337822544	0.0062871661	0.9994090525	0.0206525868
0.0000000000	0.0000000000	0.0000000000	1.0000000000
14	 17	 37	
0.9993930791	0.0314229004	0.0150423665	1.9319028381
-0.0314031437	0.9995052998	-0.0015681739	-0.0003758059
-0.0150851712	0.0010956062	0.9998855640	0.0236901316
0.0000000000	0.0000000000	0.0000000000	1.0000000000
15	 16	 37	
0.9985478439	0.0482592780	0.0239659495	0.7075687248
-0.0483996574	0.9988141589	0.0053130161	0.0419792101
-0.0236810295	-0.0064655408	0.9996986542	0.0132790320
0.0000000000	0.0000000000	0.0000000000	1.0000000000
15	 17	 37	
0.9999567180	0.0073000519	0.0055991191	1.2356951970
-0.0073678592	0.9999001807	0.0120197868	0.0719871810
-0.0055108236	-0.0120604196	0.9999124157	0.0209263477
0.0000000000	0.0000000000	0.0000000000	1.0000000000
15	 18	 37	
0.9999372359	-0.0069110038	-0.0088236009	1.8087218886
0.0070383597	0.9998682147	0.0146292829	0.1093413225
0.0087208603	-0.0146912083	0.9998545041	0.0332675228
0.0000000000	0.0000000000	0.0000000000	1.0000000000
16	 17	 37	
0.9989906114	-0.0408197713	-0.0186698057	0.5257254877
0.0409336377	0.9991442455	0.0058110634	0.0554098997
0.0184165104	-0.0065690455	0.9998091555	0.0204614574
0.0000000000	0.0000000000	0.0000000000	1.0000000000
16	 18	 37	
0.9979368796	-0.0549463273	-0.0331964929	1.0958192345
0.0552298148	0.9984435117	0.0077218090	0.1202937575
0.0327199837	-0.0095397915	0.9994194735	0.0467304646
0.0000000000	0.0000000000	0.0000000000	1.0000000000
16	 19	 37	
0.9989535037	-0.0440377257	-0.0122791702	1.8044063802
0.0443349514	0.9986985331	0.0252112338	0.1670538882
0.0111533989	-0.0257291292	0.9996068599	0.0794100419
0.0000000000	0.0000000000	0.0000000000	1.0000000000
16	 20	 37	
0.9985955365	0.0518921410	-0.0105701872	2.2844308043
-0.0515434577	0.9981915961	0.0309325256	0.2167448884
0.0121572678	-0.0303445597	0.9994657037	0.0988351060
0.0000000000	0.0000000000	0.0000000000	1.0000000000
17	 18	 37	
0.9997959605	-0.0141957345	-0.0144410282	0.5726597907
0.0142330096	0.9998960112	0.0025046363	0.0413852624
0.0144034771	-0.0027105104	0.9998927040	0.0159975270
0.0000000000	0.0000000000	0.0000000000	1.0000000000
17	 19	 37	
0.9999683992	-0.0035858257	0.0071746185	1.2830497720
0.0034476370	0.9998118926	0.0191240663	0.0589670221
-0.0072412638	-0.0190989259	0.9997911600	0.0357134578
0.0000000000	0.0000000000	0.0000000000	1.0000000000
17	 20	 37	
0.9957045262	0.0921417447	0.0091134813	1.7649829285
-0.0923408415	0.9954199595	0.0247716386	0.0888938967
-0.0067880216	-0.0255073980	0.9996513692	0.0464616372
0.0000000000	0.0000000000	0.0000000000	1.0000000000
17	 21	 37	
0.9939994584	0.0806160549	-0.0739345445	2.3969976094
-0.0779710219	0.9962316115	0.0379893628	0.0991967294
0.0767193589	-0.0319967540	0.9965398867	0.0719550101
0.0000000000	0.0000000000	0.0000000000	1.0000000000
18	 19	 37	
0.9997071216	0.0103704674	0.0218462800	0.7107778377
-0.0107280394	0.9998096855	0.0163111197	0.0074422331
-0.0216719262	-0.0165400768	0.9996279651	0.0094994501
0.0000000000	0.0000000000	0.0000000000	1.0000000000
18	 20	 37	
0.9940872665	0.1059234938	0.0238631135	1.1931924660
-0.1064471723	0.9940766882	0.0219309556	0.0304956185
-0.0213971568	-0.0243412211	0.9994743411	0.0133620822
0.0000000000	0.0000000000	0.0000000000	1.0000000000
18	 21	 37	
0.9937899164	0.0943182590	-0.0590244853	1.8255907675
-0.0922809324	0.9950694506	0.0363346232	0.0317566007
0.0621618699	-0.0306614086	0.9975955679	0.0297518972
0.0000000000	0.0000000000	0.0000000000	1.0000000000
19	 20	 37	
0.9954027012	0.0957557030	0.0019592848	0.4819427365
-0.0957636905	0.9953880718	0.0056422201	0.0279880047
-0.0014093260	-0.0058043749	0.9999821536	0.0147756804
0.0000000000	0.0000000000	0.0000000000	1.0000000000
19	 21	 37	
0.9931424902	0.0842801838	-0.0810179148	1.1137876388
-0.0829853643	0.9963648324	0.0192146242	0.0355359715
0.0823432309	-0.0123595420	0.9965283083	0.0449948780
0.0000000000	0.0000000000	0.0000000000	1.0000000000
19	 22	 37	
0.9997635783	-0.0179192382	-0.0123940100	1.7619172677
0.0177716723	0.9997699210	-0.0119972887	-0.0418515002
0.0126054955	0.0117730365	0.9998518648	0.0819018140
0.0000000000	0.0000000000	0.0000000000	1.0000000000
20	 21	 37	
0.9964083680	-0.0115070673	-0.0838906777	0.6281750787
0.0120168754	0.9999114738	0.0055844502	0.0678394780
0.0838187414	-0.0065720155	0.9964602765	0.0314988290
0.0000000000	0.0000000000	0.0000000000	1.0000000000
20	 22	 37	
0.9934483124	-0.1135968284	-0.0125978792	1.2806844748
0.1133479655	0.9933747856	-0.0189317849	0.0526557557
0.0146637638	0.0173791714	0.9997420649	0.0692379049
0.0000000000	0.0000000000	0.0000000000	1.0000000000
20	 23	 37	
0.9998537388	-0.0142232049	-0.0094565662	1.9347992804
0.0139616847	0.9995361789	-0.0270464155	0.0735064691
0.0098354680	0.0269107402	0.9995897744	0.0994300879
0.0000000000	0.0000000000	0.0000000000	1.0000000000
21	 22	 37	
0.9924718379	-0.0997941194	0.0710172142	0.6531468281
0.1018108462	0.9944811329	-0.0253559830	-0.0229383807
-0.0680959148	0.0323942008	0.9971524957	-0.0172185696
0.0000000000	0.0000000000	0.0000000000	1.0000000000
21	 23	 37	
0.9972551665	0.0000955973	0.0740369621	1.3076937773
0.0023912514	0.9994359250	-0.0335050509	-0.0098143340
-0.0739994271	0.0335899349	0.9966919075	-0.0418907694
0.0000000000	0.0000000000	0.0000000000	1.0000000000
21	 24	 37	
0.9983494791	-0.0422404258	0.0389106732	1.9127245546
0.0420806126	0.9991026445	0.0049149455	-0.0177314801
-0.0390828918	-0.0032698423	0.9992305682	-0.0612330946
0.0000000000	0.0000000000	0.0000000000	1.0000000000
22	 23	 37	
0.9950273622	0.0995604826	0.0021987108	0.6526338302
-0.0995394045	0.9949977705	-0.0084203600	-0.0530676088
-0.0030262464	0.0081606770	0.9999617971	0.0215499441
0.0000000000	0.0000000000	0.0000000000	1.0000000000
22	 24	 37	
0.9977765866	0.0600193154	-0.0289243622	1.2536192425
-0.0590471961	0.9976971305	0.0333752009	-0.1219461787
0.0308622849	-0.0315923326	0.9990245009	0.0454315396
0.0000000000	0.0000000000	0.0000000000	1.0000000000
22	 25	 37	
0.9950756713	0.0974231103	-0.0181660623	1.8026893103
-0.0976530994	0.9951454161	-0.0122090110	-0.1563710995
0.0168885906	0.0139242955	0.9997609253	0.0692650359
0.0000000000	0.0000000000	0.0000000000	1.0000000000
23	 24	 37	
0.9986024619	-0.0394930728	-0.0351258642	0.6047827824
0.0408399114	0.9984247175	0.0384802080	-0.0085042968
0.0335523025	-0.0398611928	0.9986423279	0.0257822029
0.0000000000	0.0000000000	0.0000000000	1.0000000000
23	 25	 37	
0.9998000448	-0.0021588886	-0.0198858486	1.1544788671
0.0020441781	0.9999811366	-0.0057988837	0.0121035747
0.0198983102	0.0057574591	0.9997862634	0.0511120085
0.0000000000	0.0000000000	0.0000000000	1.0000000000
23	 26	 37	
0.9990112979	-0.0444921451	-0.0000463119	1.7919232088
0.0444755239	0.9986152163	0.0281158488	-0.0118859089
-0.0012037544	-0.0280902190	0.9996042692	0.0841451257
0.0000000000	0.0000000000	0.0000000000	1.0000000000
24	 25	 37	
0.9991534054	0.0388760963	0.0134487508	0.5506190578
-0.0382376340	0.9982611138	-0.0448567932	-0.0021435971
-0.0151703811	0.0443051071	0.9989031645	0.0067790258
0.0000000000	0.0000000000	0.0000000000	1.0000000000
24	 26	 37	
0.9993906481	-0.0045893781	0.0346395087	1.1873008154
0.0049991457	0.9999184267	-0.0117717789	-0.0525868034
-0.0345832926	0.0119379141	0.9993295586	0.0164524109
0.0000000000	0.0000000000	0.0000000000	1.0000000000
24	 27	 37	
0.9992638389	-0.0165059184	0.0346315961	1.7475894940
0.0169594321	0.9997737618	-0.0128781432	-0.0289509161
-0.0344122237	0.0134556948	0.9993165133	0.0176721329
0.0000000000	0.0000000000	0.0000000000	1.0000000000
25	 26	 37	
0.9988782496	-0.0430010734	0.0199012630	0.6379249851
0.0423107589	0.9985306450	0.0338702061	-0.0251751785
-0.0213279047	-0.0329906210	0.9992268327	0.0204888121
0.0000000000	0.0000000000	0.0000000000	1.0000000000
25	 27	 37	
0.9982916200	-0.0549250199	0.0199358596	1.1968171756
0.0542529027	0.9979902066	0.0327648796	0.0202555488
-0.0216952361	-0.0316282927	0.9992633239	0.0281827675
0.0000000000	0.0000000000	0.0000000000	1.0000000000
25	 28	 37	
0.9998067882	-0.0079318726	0.0180463332	1.8521823470
0.0075109852	0.9997018029	0.0232370922	0.0211809348
-0.0182256989	-0.0230975846	0.9995667036	0.0333855412
0.0000000000	0.0000000000	0.0000000000	1.0000000000
26	 27	 37	
0.9999271517	-0.0119624595	-0.0000129883	0.5600217775
0.0119619297	0.9999281472	-0.0011063930	0.0210775217
0.0000257663	0.0011056785	0.9999997133	0.0203491403
0.0000000000	0.0000000000	0.0000000000	1.0000000000
26	 28	 37	
0.9993889074	0.0348683111	-0.0023099929	1.2145780970
-0.0348908796	0.9993350736	-0.0105489304	-0.0063510569
0.0019396004	0.0106229814	0.9999425434	0.0386214706
0.0000000000	0.0000000000	0.0000000000	1.0000000000
26	 29	 37	
0.9947408353	0.1011316395	-0.0161079086	1.8349798068
-0.1013115406	0.9947949196	-0.0108212085	-0.0760305369
0.0149295156	0.0123950418	0.9998118350	0.0614228631
0.0000000000	0.0000000000	0.0000000000	1.0000000000
27	 28	 37	
0.9989013693	0.0468206356	-0.0024098006	0.6541827021
-0.0468408584	0.9988573091	-0.0094144397	-0.0352361570
0.0019656539	0.0095173627	0.9999533015	0.0182944396
0.0000000000	0.0000000000	0.0000000000	1.0000000000
27	 29	 37	
0.9934594106	0.1130250440	-0.0162100075	1.2737078884
-0.1131867369	0.9935268048	-0.0095217925	-0.1123065876
0.0150290703	0.0112936116	0.9998230674	0.0411650908
0.0000000000	0.0000000000	0.0000000000	1.0000000000
27	 30	 37	
0.9867241943	0.1602357898	-0.0264628823	1.8854857799
-0.1599315906	0.9870386768	0.0132063901	-0.1304568833
0.0282369032	-0.0087976781	0.9995628494	0.0699166990
0.0000000000	0.0000000000	0.0000000000	1.0000000000
28	 29	 37	
0.9976974467	0.0663847289	-0.0137802469	0.6224984312
-0.0664006245	0.9977921831	-0.0007545971	-0.0477585594
0.0137005411	0.0016668499	0.9999040304	0.0221026025
0.0000000000	0.0000000000	0.0000000000	1.0000000000
28	 30	 37	
0.9931852046	0.1138079258	-0.0250869684	1.2345097587
-0.1132817717	0.9933306652	0.0214651275	-0.0369709922
0.0273640664	-0.0184761361	0.9994545433	0.0495498208
0.0000000000	0.0000000000	0.0000000000	1.0000000000
28	 31	 37	
0.9931872948	0.1159955759	-0.0111389209	1.9414434045
-0.1153293364	0.9921418219	0.0485102853	-0.1349262981
0.0166790031	-0.0468946068	0.9987594265	0.0854965598
0.0000000000	0.0000000000	0.0000000000	1.0000000000
29	 30	 37	
0.9987983002	0.0473344428	-0.0127623025	0.6102636942
-0.0470544453	0.9986628776	0.0214193556	0.0514373610
0.0137597425	-0.0207912600	0.9996896308	0.0190023608
0.0000000000	0.0000000000	0.0000000000	1.0000000000
29	 31	 37	
0.9987899641	0.0492066769	-0.0006516914	1.3225685620
-0.0491151743	0.9975744842	0.0493296013	0.0006873233
0.0030772031	-0.0492362970	0.9987819827	0.0452772519
0.0000000000	0.0000000000	0.0000000000	1.0000000000
29	 32	 37	
0.9972635370	0.0737342567	0.0053832801	2.0168897700
-0.0736859058	0.9972429962	-0.0088043567	-0.0887170297
-0.0060174921	0.0083846288	0.9999462571	0.0498010860
0.0000000000	0.0000000000	0.0000000000	1.0000000000
30	 31	 37	
0.9999416581	0.0015298172	0.0107702532	0.7141973624
-0.0018362445	0.9995931431	0.0284650374	-0.0175119004
-0.0107232426	-0.0284833863	0.9995358360	0.0160886183
0.0000000000	0.0000000000	0.0000000000	1.0000000000
30	 32	 37	
0.9994480924	0.0268362954	0.0195494378	1.4119522813
-0.0262572580	0.9992249836	-0.0293297111	-0.0740253911
-0.0203218692	0.0287994532	0.9993776363	0.0098345966
0.0000000000	0.0000000000	0.0000000000	1.0000000000
30	 33	 37	
0.9981884118	0.0559230582	0.0221822686	2.0352453606
-0.0544922281	0.9966755427	-0.0605751214	-0.1233329559
-0.0254972153	0.0592563439	0.9979169489	0.0035407913
0.0000000000	0.0000000000	0.0000000000	1.0000000000
31	 32	 37	
0.9996542176	0.0246914302	0.0088864583	0.6978838557
-0.0241384315	0.9980391172	-0.0577532896	-0.0552446855
-0.0102946572	0.0575184571	0.9982912896	-0.0003441593
0.0000000000	0.0000000000	0.0000000000	1.0000000000
31	 33	 37	
0.9985019403	0.0534545592	0.0115921559	1.3212975377
-0.0522164288	0.9946677126	-0.0889403511	-0.1033991825
-0.0162848964	0.0882019950	0.9959702256	-0.0013250069
0.0000000000	0.0000000000	0.0000000000	1.0000000000
31	 34	 37	
0.9993257051	0.0366351213	-0.0021084701	1.8993558298
-0.0366832120	0.9958492675	-0.0833021068	-0.0645245398
-0.0009521334	0.0833236990	0.9965234139	0.0127771506
0.0000000000	0.0000000000	0.0000000000	1.0000000000
31	 35	 37	
0.9928600203	0.1176716228	0.0195193115	2.4150805855
-0.1154783137	0.9892465901	-0.0897644506	-0.0516130564
-0.0298705994	0.0868691084	0.9957720916	0.0167002608
0.0000000000	0.0000000000	0.0000000000	1.0000000000
32	 33	 37	
0.9995875384	0.0285187546	0.0034814626	0.6243723232
-0.0283959391	0.9991103026	-0.0311925991	-0.0327232941
-0.0043686595	0.0310814118	0.9995080860	0.0073415895
0.0000000000	0.0000000000	0.0000000000	1.0000000000
32	 34	 37	
0.9998782260	0.0117267872	-0.0103562561	1.2011488106
-0.0119909197	0.9995936445	-0.0258718856	0.0211595371
0.0100481388	0.0259937538	0.9996129597	0.0243112021
0.0000000000	0.0000000000	0.0000000000	1.0000000000
32	 35	 37	
0.9956144431	0.0928583711	0.0114278315	1.7163446368
-0.0924545088	0.9952087779	-0.0318307435	0.0470055109
-0.0143277312	0.0306345256	0.9994283260	0.0320647047
0.0000000000	0.0000000000	0.0000000000	1.0000000000
32	 36	 37	
0.9976134795	0.0656745769	0.0213638343	2.2906542083
-0.0651591576	0.9975868980	-0.0239718439	-0.0758554164
-0.0228872158	0.0225232699	0.9994844167	0.0355221393
0.0000000000	0.0000000000	0.0000000000	1.0000000000
33	 34	 37	
0.9997617512	-0.0167765327	-0.0139835495	0.5749339960
0.0168467877	0.9998459062	0.0049246085	0.0708109081
0.0138989726	-0.0051586971	0.9998906667	0.0172889050
0.0000000000	0.0000000000	0.0000000000	1.0000000000
33	 35	 37	
0.9978910843	0.0644257771	0.0079615554	1.0891491752
-0.0644243715	0.9979229098	-0.0004134390	0.1115673099
-0.0079698049	-0.0001009227	0.9999678557	0.0260263702
0.0000000000	0.0000000000	0.0000000000	1.0000000000
33	 36	 37	
0.9991515903	0.0372211127	0.0176700432	1.6666951946
-0.0373623519	0.9992715749	0.0077235629	0.0053015166
-0.0173695324	-0.0083770159	0.9998133741	0.0353143665
0.0000000000	0.0000000000	0.0000000000	1.0000000000
34	 35	 37	
0.9964566700	0.0812208191	0.0218510081	0.5149004397
-0.0811144394	0.9966889172	-0.0057057855	0.0320783253
-0.0222404053	0.0039122353	0.9997440200	0.0017465514
0.0000000000	0.0000000000	0.0000000000	1.0000000000
34	 36	 37	
0.9980421395	0.0539303443	0.0316921130	1.0906473910
-0.0540292409	0.9985364698	0.0022678861	-0.0839082128
-0.0315234597	-0.0039758797	0.9994938635	0.0024339924
0.0000000000	0.0000000000	0.0000000000	1.0000000000
35	 36	 37	
0.9995893216	-0.0271681872	0.0091650164	0.5830997225
0.0270879394	0.9995940172	0.0087455845	-0.0688371825
-0.0094005689	-0.0084929323	0.9999194418	0.0139286878
0.0000000000	0.0000000000	0.0000000000	1.0000000000
