0	1	32
10.8306884958	0.9047306440	-0.0689530021	0.0000000000	-0.2500945628	-3.2814846039
0.9047306440	0.1385620381	0.8206814572	0.2500945628	0.0000000000	-0.2757077217
-0.0689530021	0.8206814572	10.8441559533	3.2814846039	0.2757077217	0.0000000000
0.0000000000	0.2500945628	3.2814846039	1.0000000000	0.0000000000	0.0000000000
-0.2500945628	0.0000000000	0.2757077217	0.0000000000	1.0000000000	0.0000000000
-3.2814846039	-0.2757077217	0.0000000000	0.0000000000	0.0000000000	1.0000000000
0	2	32
44.6747444487	-1.3911055834	-4.8919845049	0.0000000000	-6.4290337563	1.8281874657
-1.3911055834	41.9114752653	-11.7534789295	6.4290337563	0.0000000000	-0.7609206438
-4.8919845049	-11.7534789295	3.9212696358	-1.8281874657	0.7609206438	0.0000000000
0.0000000000	6.4290337563	-1.8281874657	1.0000000000	0.0000000000	0.0000000000
-6.4290337563	0.0000000000	0.7609206438	0.0000000000	1.0000000000	0.0000000000
1.8281874657	-0.7609206438	0.0000000000	0.0000000000	0.0000000000	1.0000000000
0	3	32
8.5618276823	-1.4030711621	-4.6143371040	0.0000000000	-2.7995035648	0.8512387872
-1.4030711621	10.5540134526	-2.3830460192	2.7995035648	0.0000000000	-1.6482697725
-4.6143371040	-2.3830460192	3.4414007158	-0.8512387872	1.6482697725	0.0000000000
0.0000000000	2.7995035648	-0.8512387872	1.0000000000	0.0000000000	0.0000000000
-2.7995035648	0.0000000000	1.6482697725	0.0000000000	1.0000000000	0.0000000000
0.8512387872	-1.6482697725	0.0000000000	0.0000000000	0.0000000000	1.0000000000
1	2	32
0.3593311671	0.0239574739	-0.0115759290	0.0000000000	-0.2607943118	-0.5397383571
0.0239574739	0.0699838965	0.1407606934	0.2607943118	0.0000000000	-0.0443871990
-0.0115759290	0.1407606934	0.2932877175	0.5397383571	0.0443871990	0.0000000000
0.0000000000	0.2607943118	0.5397383571	1.0000000000	0.0000000000	0.0000000000
-0.2607943118	0.0000000000	0.0443871990	0.0000000000	1.0000000000	0.0000000000
-0.5397383571	-0.0443871990	0.0000000000	0.0000000000	0.0000000000	1.0000000000
1	3	32
4.0995385201	-2.4048170475	0.0097175755	0.0000000000	0.0081816297	2.0247151852
-2.4048170475	1.4107719330	0.0165654699	-0.0081816297	0.0000000000	-1.1877310276
0.0097175755	0.0165654699	5.5101765750	-2.0247151852	1.1877310276	0.0000000000
0.0000000000	-0.0081816297	-2.0247151852	1.0000000000	0.0000000000	0.0000000000
0.0081816297	0.0000000000	1.1877310276	0.0000000000	1.0000000000	0.0000000000
2.0247151852	-1.1877310276	0.0000000000	0.0000000000	0.0000000000	1.0000000000
1	4	32
1.7196329303	1.2129663806	0.8615451866	0.0000000000	-0.7593666315	1.0691095591
1.2129663806	1.8638586396	-0.8118461246	0.7593666315	0.0000000000	1.1345576048
0.8615451866	-0.8118461246	2.4302162079	-1.0691095591	-1.1345576048	0.0000000000
0.0000000000	0.7593666315	-1.0691095591	1.0000000000	0.0000000000	0.0000000000
-0.7593666315	0.0000000000	-1.1345576048	0.0000000000	1.0000000000	0.0000000000
1.0691095591	1.1345576048	0.0000000000	0.0000000000	0.0000000000	1.0000000000
10	11	32
10.3430031924	-5.1308244850	1.7383918736	0.0000000000	-1.0320160389	-3.0459721088
-5.1308244850	3.9024695714	3.1434920703	1.0320160389	0.0000000000	1.6844620705
1.7383918736	3.1434920703	12.1153585547	3.0459721088	-1.6844620705	0.0000000000
0.0000000000	1.0320160389	3.0459721088	1.0000000000	0.0000000000	0.0000000000
-1.0320160389	0.0000000000	-1.6844620705	0.0000000000	1.0000000000	0.0000000000
-3.0459721088	1.6844620705	0.0000000000	0.0000000000	0.0000000000	1.0000000000
10	12	32
0.8884193263	-0.2523412208	-0.0621136516	0.0000000000	0.2252859920	-0.9152407050
-0.2523412208	0.1267699064	-0.2061909102	-0.2252859920	0.0000000000	0.2757102251
-0.0621136516	-0.2061909102	0.9136816763	0.9152407050	-0.2757102251	0.0000000000
0.0000000000	-0.2252859920	0.9152407050	1.0000000000	0.0000000000	0.0000000000
0.2252859920	0.0000000000	-0.2757102251	0.0000000000	1.0000000000	0.0000000000
-0.9152407050	0.2757102251	0.0000000000	0.0000000000	0.0000000000	1.0000000000
10	13	32
9.0553592545	0.4006390160	0.1619368561	0.0000000000	-1.1276789904	2.7899281979
0.4006390160	1.2922814137	-3.1461434134	1.1276789904	0.0000000000	0.1436019093
0.1619368561	-3.1461434134	7.8043208576	-2.7899281979	-0.1436019093	0.0000000000
0.0000000000	1.1276789904	-2.7899281979	1.0000000000	0.0000000000	0.0000000000
-1.1276789904	0.0000000000	-0.1436019093	0.0000000000	1.0000000000	0.0000000000
2.7899281979	0.1436019093	0.0000000000	0.0000000000	0.0000000000	1.0000000000
10	14	32
0.8021680210	-0.2446207353	-0.0641728268	0.0000000000	0.2272679806	-0.8663240075
-0.2446207353	0.1313814824	-0.1968877077	-0.2272679806	0.0000000000	0.2823663354
-0.0641728268	-0.1968877077	0.8302480334	0.8663240075	-0.2823663354	0.0000000000
0.0000000000	-0.2272679806	0.8663240075	1.0000000000	0.0000000000	0.0000000000
0.2272679806	0.0000000000	-0.2823663354	0.0000000000	1.0000000000	0.0000000000
-0.8663240075	0.2823663354	0.0000000000	0.0000000000	0.0000000000	1.0000000000
10	15	32
1.1067920934	0.4014010626	0.1107380792	0.0000000000	-0.2797842920	1.0141562223
0.4014010626	0.2349353522	-0.2837449806	0.2797842920	0.0000000000	0.3957980573
0.1107380792	-0.2837449806	1.1851689455	-1.0141562223	-0.3957980573	0.0000000000
0.0000000000	0.2797842920	-1.0141562223	1.0000000000	0.0000000000	0.0000000000
-0.2797842920	0.0000000000	-0.3957980573	0.0000000000	1.0000000000	0.0000000000
1.0141562223	0.3957980573	0.0000000000	0.0000000000	0.0000000000	1.0000000000
11	12	32
23.1421570835	-4.3029639909	-2.0923889733	0.0000000000	-2.1037173271	4.3262605667
-4.3029639909	5.4148857457	-9.1012293158	2.1037173271	0.0000000000	-0.9946150780
-2.0923889733	-9.1012293158	19.7057896444	-4.3262605667	0.9946150780	0.0000000000
0.0000000000	2.1037173271	-4.3262605667	1.0000000000	0.0000000000	0.0000000000
-2.1037173271	0.0000000000	0.9946150780	0.0000000000	1.0000000000	0.0000000000
4.3262605667	-0.9946150780	0.0000000000	0.0000000000	0.0000000000	1.0000000000
11	13	32
1.3062381627	-0.2408118477	-0.0370209099	0.0000000000	-0.1736633033	1.1296367645
-0.2408118477	0.0756031011	-0.1961764520	0.1736633033	0.0000000000	-0.2131763548
-0.0370209099	-0.1961764520	1.3215233780	-1.1296367645	0.2131763548	0.0000000000
0.0000000000	0.1736633033	-1.1296367645	1.0000000000	0.0000000000	0.0000000000
-0.1736633033	0.0000000000	0.2131763548	0.0000000000	1.0000000000	0.0000000000
1.1296367645	-0.2131763548	0.0000000000	0.0000000000	0.0000000000	1.0000000000
11	14	32
0.8910197244	1.6813970890	2.1346640584	0.0000000000	-0.7415333390	0.5840787888
1.6813970890	8.8368788280	-0.4331138945	0.7415333390	0.0000000000	2.8787162304
2.1346640584	-0.4331138945	8.6281551666	-0.5840787888	-2.8787162304	0.0000000000
0.0000000000	0.7415333390	-0.5840787888	1.0000000000	0.0000000000	0.0000000000
-0.7415333390	0.0000000000	-2.8787162304	0.0000000000	1.0000000000	0.0000000000
0.5840787888	2.8787162304	0.0000000000	0.0000000000	0.0000000000	1.0000000000
11	15	32
33.2803282449	37.8403089130	-46.5182097414	0.0000000000	-4.4752473831	-3.6403968334
37.8403089130	128.0746345238	16.2916764023	4.4752473831	0.0000000000	-10.3945560455
-46.5182097414	16.2916764023	121.2992844885	3.6403968334	10.3945560455	0.0000000000
0.0000000000	4.4752473831	3.6403968334	1.0000000000	0.0000000000	0.0000000000
-4.4752473831	0.0000000000	10.3945560455	0.0000000000	1.0000000000	0.0000000000
-3.6403968334	-10.3945560455	0.0000000000	0.0000000000	0.0000000000	1.0000000000
11	16	32
13.0102980167	-4.1534515697	2.0078154517	0.0000000000	-1.5698431730	-3.2474436760
-4.1534515697	4.1002258299	5.0979772846	1.5698431730	0.0000000000	1.2789911032
2.0078154517	5.0979772846	12.1817086708	3.2474436760	-1.2789911032	0.0000000000
0.0000000000	1.5698431730	3.2474436760	1.0000000000	0.0000000000	0.0000000000
-1.5698431730	0.0000000000	-1.2789911032	0.0000000000	1.0000000000	0.0000000000
-3.2474436760	1.2789911032	0.0000000000	0.0000000000	0.0000000000	1.0000000000
11	17	32
2.4740984449	-0.0908387099	-0.0051038503	0.0000000000	0.0882370621	-1.5704498291
-0.0908387099	0.0111315314	-0.1385718791	-0.0882370621	0.0000000000	0.0578424782
-0.0051038503	-0.1385718791	2.4696584180	1.5704498291	-0.0578424782	0.0000000000
0.0000000000	-0.0882370621	1.5704498291	1.0000000000	0.0000000000	0.0000000000
0.0882370621	0.0000000000	-0.0578424782	0.0000000000	1.0000000000	0.0000000000
-1.5704498291	0.0578424782	0.0000000000	0.0000000000	0.0000000000	1.0000000000
12	13	32
1.1493232939	1.3721577496	0.2920675847	0.0000000000	0.2231920063	-1.0485745668
1.3721577496	1.7622313383	-0.2340334614	-0.2231920063	0.0000000000	-1.3085933924
0.2920675847	-0.2340334614	2.8119252888	1.0485745668	1.3085933924	0.0000000000
0.0000000000	-0.2231920063	1.0485745668	1.0000000000	0.0000000000	0.0000000000
0.2231920063	0.0000000000	1.3085933924	0.0000000000	1.0000000000	0.0000000000
-1.0485745668	-1.3085933924	0.0000000000	0.0000000000	0.0000000000	1.0000000000
12	14	32
43.7695128579	-3.7426959625	7.0168782127	0.0000000000	-5.8373928070	-3.1135764122
-3.7426959625	35.5200955375	18.1751685526	5.8373928070	0.0000000000	1.2020568848
7.0168782127	18.1751685526	11.1392988288	3.1135764122	-1.2020568848	0.0000000000
0.0000000000	5.8373928070	3.1135764122	1.0000000000	0.0000000000	0.0000000000
-5.8373928070	0.0000000000	-1.2020568848	0.0000000000	1.0000000000	0.0000000000
-3.1135764122	1.2020568848	0.0000000000	0.0000000000	0.0000000000	1.0000000000
12	15	32
8.2203544296	-1.7722315093	-0.4809776096	0.0000000000	-0.7509604692	2.7670223713
-1.7722315093	0.9741604329	-2.0779244184	0.7509604692	0.0000000000	-0.6404832602
-0.4809776096	-2.0779244184	8.0666316098	-2.7670223713	0.6404832602	0.0000000000
0.0000000000	0.7509604692	-2.7670223713	1.0000000000	0.0000000000	0.0000000000
-0.7509604692	0.0000000000	0.6404832602	0.0000000000	1.0000000000	0.0000000000
2.7670223713	-0.6404832602	0.0000000000	0.0000000000	0.0000000000	1.0000000000
12	16	32
5.4881505797	-0.7550560089	-0.4896588493	0.0000000000	-1.2746692896	1.9655454159
-0.7550560089	1.7723497906	-2.5054203789	1.2746692896	0.0000000000	-0.3841457963
-0.4896588493	-2.5054203789	4.0109367747	-1.9655454159	0.3841457963	0.0000000000
0.0000000000	1.2746692896	-1.9655454159	1.0000000000	0.0000000000	0.0000000000
-1.2746692896	0.0000000000	0.3841457963	0.0000000000	1.0000000000	0.0000000000
1.9655454159	-0.3841457963	0.0000000000	0.0000000000	0.0000000000	1.0000000000
13	14	32
8.8454083172	-3.5704374972	0.5455938992	0.0000000000	-0.4492569566	-2.9399960041
-3.5704374972	1.6766870324	1.3208136572	0.4492569566	0.0000000000	1.2144361734
0.5455938992	1.3208136572	10.1184317235	2.9399960041	-1.2144361734	0.0000000000
0.0000000000	0.4492569566	2.9399960041	1.0000000000	0.0000000000	0.0000000000
-0.4492569566	0.0000000000	-1.2144361734	0.0000000000	1.0000000000	0.0000000000
-2.9399960041	1.2144361734	0.0000000000	0.0000000000	0.0000000000	1.0000000000
13	15	32
17.2924730433	6.9044754772	-1.3920193226	0.0000000000	-0.8218477964	-4.0764002800
6.9044754772	3.5442831135	3.3501805875	0.8218477964	0.0000000000	-1.6937677860
-1.3920193226	3.3501805875	19.4858885558	4.0764002800	1.6937677860	0.0000000000
0.0000000000	0.8218477964	4.0764002800	1.0000000000	0.0000000000	0.0000000000
-0.8218477964	0.0000000000	1.6937677860	0.0000000000	1.0000000000	0.0000000000
-4.0764002800	-1.6937677860	0.0000000000	0.0000000000	0.0000000000	1.0000000000
13	16	32
15.8153432980	-12.8787620375	18.9040544023	0.0000000000	-3.2866215706	-2.2390761375
-12.8787620375	43.8853101811	7.3589959318	3.2866215706	0.0000000000	5.7518196106
18.9040544023	7.3589959318	38.0968907825	2.2390761375	-5.7518196106	0.0000000000
0.0000000000	3.2866215706	2.2390761375	1.0000000000	0.0000000000	0.0000000000
-3.2866215706	0.0000000000	-5.7518196106	0.0000000000	1.0000000000	0.0000000000
-2.2390761375	5.7518196106	0.0000000000	0.0000000000	0.0000000000	1.0000000000
14	15	32
89.8165573743	8.6921426019	6.6569914684	0.0000000000	-5.7623944283	7.5240526199
8.6921426019	34.5397862172	-43.3565588950	5.7623944283	0.0000000000	1.1552474499
6.6569914684	-43.3565588950	57.9459644980	-7.5240526199	-1.1552474499	0.0000000000
0.0000000000	5.7623944283	-7.5240526199	1.0000000000	0.0000000000	0.0000000000
-5.7623944283	0.0000000000	-1.1552474499	0.0000000000	1.0000000000	0.0000000000
7.5240526199	1.1552474499	0.0000000000	0.0000000000	0.0000000000	1.0000000000
14	16	32
0.5509567402	0.2947693333	0.0063423125	0.0000000000	-0.0159670096	0.7420928478
0.2947693333	0.1580335484	-0.0118490036	0.0159670096	0.0000000000	0.3972135484
0.0063423125	-0.0118490036	0.7084803978	-0.7420928478	-0.3972135484	0.0000000000
0.0000000000	0.0159670096	-0.7420928478	1.0000000000	0.0000000000	0.0000000000
-0.0159670096	0.0000000000	-0.3972135484	0.0000000000	1.0000000000	0.0000000000
0.7420928478	0.3972135484	0.0000000000	0.0000000000	0.0000000000	1.0000000000
14	17	32
2.5671974679	-0.7272418006	0.0115619421	0.0000000000	-0.0254698694	-1.6020451784
-0.7272418006	0.2067155718	0.0408038814	0.0254698694	0.0000000000	0.4539458752
0.0115619421	0.0408038814	2.7726156113	1.6020451784	-0.4539458752	0.0000000000
0.0000000000	0.0254698694	1.6020451784	1.0000000000	0.0000000000	0.0000000000
-0.0254698694	0.0000000000	-0.4539458752	0.0000000000	1.0000000000	0.0000000000
-1.6020451784	0.4539458752	0.0000000000	0.0000000000	0.0000000000	1.0000000000
14	18	32
12.7997945176	0.9989918110	-0.5037293393	0.0000000000	-1.6108080149	-3.1945409775
0.9989918110	2.6924952717	5.1457922104	1.6108080149	0.0000000000	-0.3127184212
-0.5037293393	5.1457922104	10.3028848678	3.1945409775	0.3127184212	0.0000000000
0.0000000000	1.6108080149	3.1945409775	1.0000000000	0.0000000000	0.0000000000
-1.6108080149	0.0000000000	0.3127184212	0.0000000000	1.0000000000	0.0000000000
-3.1945409775	-0.3127184212	0.0000000000	0.0000000000	0.0000000000	1.0000000000
15	16	32
15.9853640282	7.2416570523	-2.8408916967	0.0000000000	-1.4601391554	-3.7220098972
7.2416570523	5.9174855194	5.4346523877	1.4601391554	0.0000000000	-1.9456307888
-2.8408916967	5.4346523877	17.6388368414	3.7220098972	1.9456307888	0.0000000000
0.0000000000	1.4601391554	3.7220098972	1.0000000000	0.0000000000	0.0000000000
-1.4601391554	0.0000000000	1.9456307888	0.0000000000	1.0000000000	0.0000000000
-3.7220098972	-1.9456307888	0.0000000000	0.0000000000	0.0000000000	1.0000000000
15	17	32
2.6456343818	0.8145550236	0.0721837857	0.0000000000	0.1435772181	-1.6201913357
0.8145550236	0.2733743567	-0.2326225647	-0.1435772181	0.0000000000	-0.5027523637
0.0721837857	-0.2326225647	2.8777799034	1.6201913357	0.5027523637	0.0000000000
0.0000000000	-0.1435772181	1.6201913357	1.0000000000	0.0000000000	0.0000000000
0.1435772181	0.0000000000	0.5027523637	0.0000000000	1.0000000000	0.0000000000
-1.6201913357	-0.5027523637	0.0000000000	0.0000000000	0.0000000000	1.0000000000
15	18	32
1.8737010589	0.9831335289	0.0636270009	0.0000000000	0.0884039104	-1.3659743071
0.9831335289	0.5258274104	-0.1207574702	-0.0884039104	0.0000000000	-0.7197306156
0.0636270009	-0.1207574702	2.3838979666	1.3659743071	0.7197306156	0.0000000000
0.0000000000	-0.0884039104	1.3659743071	1.0000000000	0.0000000000	0.0000000000
0.0884039104	0.0000000000	0.7197306156	0.0000000000	1.0000000000	0.0000000000
-1.3659743071	-0.7197306156	0.0000000000	0.0000000000	0.0000000000	1.0000000000
16	17	32
9.9863468484	8.7050751926	5.5727940153	0.0000000000	-1.7038086653	2.6614625454
8.7050751926	13.6010068926	-4.5346229472	1.7038086653	0.0000000000	3.2707862854
5.5727940153	-4.5346229472	17.7814258053	-2.6614625454	-3.2707862854	0.0000000000
0.0000000000	1.7038086653	-2.6614625454	1.0000000000	0.0000000000	0.0000000000
-1.7038086653	0.0000000000	-3.2707862854	0.0000000000	1.0000000000	0.0000000000
2.6614625454	3.2707862854	0.0000000000	0.0000000000	0.0000000000	1.0000000000
16	18	32
15.3073162629	1.3055358587	0.2800058196	0.0000000000	-0.8204686046	3.8254604340
1.3055358587	0.7896376866	-3.1386701841	0.8204686046	0.0000000000	0.3412754834
0.2800058196	-3.1386701841	14.7506164873	-3.8254604340	-0.3412754834	0.0000000000
0.0000000000	0.8204686046	-3.8254604340	1.0000000000	0.0000000000	0.0000000000
-0.8204686046	0.0000000000	-0.3412754834	0.0000000000	1.0000000000	0.0000000000
3.8254604340	0.3412754834	0.0000000000	0.0000000000	0.0000000000	1.0000000000
16	19	32
23.3457946220	0.2171554039	-0.0535157612	0.0000000000	-1.1561453342	-4.6913881302
0.2171554039	1.3388146213	5.4239264978	1.1561453342	0.0000000000	-0.0462880917
-0.0535157612	5.4239264978	22.0112651755	4.6913881302	0.0462880917	0.0000000000
0.0000000000	1.1561453342	4.6913881302	1.0000000000	0.0000000000	0.0000000000
-1.1561453342	0.0000000000	0.0462880917	0.0000000000	1.0000000000	0.0000000000
-4.6913881302	-0.0462880917	0.0000000000	0.0000000000	0.0000000000	1.0000000000
17	18	32
36.5872763457	-7.9635995039	8.8410874252	0.0000000000	-4.4943203926	-4.0482540131
-7.9635995039	24.0686693795	18.1941505654	4.4943203926	0.0000000000	1.9671689272
8.8410874252	18.1941505654	20.2581141424	4.0482540131	-1.9671689272	0.0000000000
0.0000000000	4.4943203926	4.0482540131	1.0000000000	0.0000000000	0.0000000000
-4.4943203926	0.0000000000	-1.9671689272	0.0000000000	1.0000000000	0.0000000000
-4.0482540131	1.9671689272	0.0000000000	0.0000000000	0.0000000000	1.0000000000
17	19	32
3.2647145476	-0.8543874873	0.1234795497	0.0000000000	-0.2584484220	-1.7882726192
-0.8543874873	0.2950621525	0.4621762365	0.2584484220	0.0000000000	0.4777725041
0.1234795497	0.4621762365	3.4261855264	1.7882726192	-0.4777725041	0.0000000000
0.0000000000	0.2584484220	1.7882726192	1.0000000000	0.0000000000	0.0000000000
-0.2584484220	0.0000000000	-0.4777725041	0.0000000000	1.0000000000	0.0000000000
-1.7882726192	0.4777725041	0.0000000000	0.0000000000	0.0000000000	1.0000000000
17	20	32
23.5411356723	-0.2639011304	-0.9028181434	0.0000000000	-4.6570401192	1.3612909317
-0.2639011304	21.7256047330	-6.3395864828	4.6570401192	0.0000000000	-0.1938609332
-0.9028181434	-6.3395864828	1.8906950621	-1.3612909317	0.1938609332	0.0000000000
0.0000000000	4.6570401192	-1.3612909317	1.0000000000	0.0000000000	0.0000000000
-4.6570401192	0.0000000000	0.1938609332	0.0000000000	1.0000000000	0.0000000000
1.3612909317	-0.1938609332	0.0000000000	0.0000000000	0.0000000000	1.0000000000
18	19	32
12.6919958074	-1.5629646298	1.3789448494	0.0000000000	-2.3569457531	-2.6714794636
-1.5629646298	5.8974836050	6.2965321762	2.3569457531	0.0000000000	0.5850558281
1.3789448494	6.2965321762	7.4790928463	2.6714794636	-0.5850558281	0.0000000000
0.0000000000	2.3569457531	2.6714794636	1.0000000000	0.0000000000	0.0000000000
-2.3569457531	0.0000000000	-0.5850558281	0.0000000000	1.0000000000	0.0000000000
-2.6714794636	0.5850558281	0.0000000000	0.0000000000	0.0000000000	1.0000000000
18	20	32
15.0587431425	0.5869218411	-0.3652846094	0.0000000000	-2.0504662991	-3.2945911884
0.5869218411	4.2361484301	6.7554482010	2.0504662991	0.0000000000	-0.1781470925
-0.3652846094	6.7554482010	10.8860674854	3.2945911884	0.1781470925	0.0000000000
0.0000000000	2.0504662991	3.2945911884	1.0000000000	0.0000000000	0.0000000000
-2.0504662991	0.0000000000	0.1781470925	0.0000000000	1.0000000000	0.0000000000
-3.2945911884	-0.1781470925	0.0000000000	0.0000000000	0.0000000000	1.0000000000
19	20	32
19.2023623756	-15.8273197956	5.2939024602	0.0000000000	-1.3900092840	-4.1557474136
-15.8273197956	16.4370835707	5.7765274870	1.3900092840	0.0000000000	3.8085374832
5.2939024602	5.7765274870	31.7751943270	4.1557474136	-3.8085374832	0.0000000000
0.0000000000	1.3900092840	4.1557474136	1.0000000000	0.0000000000	0.0000000000
-1.3900092840	0.0000000000	-3.8085374832	0.0000000000	1.0000000000	0.0000000000
-4.1557474136	3.8085374832	0.0000000000	0.0000000000	0.0000000000	1.0000000000
19	21	32
27.9487008847	-32.4016460001	-26.6897494429	0.0000000000	-3.3612170219	4.0805540085
-32.4016460001	74.3493469561	-13.7156275923	3.3612170219	0.0000000000	-7.9405016899
-26.6897494429	-13.7156275923	79.7024881036	-4.0805540085	7.9405016899	0.0000000000
0.0000000000	3.3612170219	-4.0805540085	1.0000000000	0.0000000000	0.0000000000
-3.3612170219	0.0000000000	7.9405016899	0.0000000000	1.0000000000	0.0000000000
4.0805540085	-7.9405016899	0.0000000000	0.0000000000	0.0000000000	1.0000000000
2	3	32
0.2901926994	-0.0192876046	-0.0032098937	0.0000000000	0.0884347931	-0.5313868523
-0.0192876046	0.0091381652	-0.0469930863	-0.0884347931	0.0000000000	0.0362967290
-0.0032098937	-0.0469930863	0.2836894393	0.5313868523	-0.0362967290	0.0000000000
0.0000000000	-0.0884347931	0.5313868523	1.0000000000	0.0000000000	0.0000000000
0.0884347931	0.0000000000	-0.0362967290	0.0000000000	1.0000000000	0.0000000000
-0.5313868523	0.0362967290	0.0000000000	0.0000000000	0.0000000000	1.0000000000
2	4	32
8.7592320885	-2.3264480345	-18.6314760117	0.0000000000	-2.9367938042	0.3667072952
-2.3264480345	48.8730644657	-1.0769437124	2.9367938042	0.0000000000	-6.3441553116
-18.6314760117	-1.0769437124	40.3827808578	-0.3667072952	6.3441553116	0.0000000000
0.0000000000	2.9367938042	-0.3667072952	1.0000000000	0.0000000000	0.0000000000
-2.9367938042	0.0000000000	6.3441553116	0.0000000000	1.0000000000	0.0000000000
0.3667072952	-6.3441553116	0.0000000000	0.0000000000	0.0000000000	1.0000000000
20	21	32
1.9857208163	-1.5329079113	-0.3076107309	0.0000000000	0.2772500813	-1.3816125393
-1.5329079113	1.3078719896	-0.3830521888	-0.2772500813	0.0000000000	1.1095063686
-0.3076107309	-0.3830521888	3.1398575908	1.3816125393	-1.1095063686	0.0000000000
0.0000000000	-0.2772500813	1.3816125393	1.0000000000	0.0000000000	0.0000000000
0.2772500813	0.0000000000	-1.1095063686	0.0000000000	1.0000000000	0.0000000000
-1.3816125393	1.1095063686	0.0000000000	0.0000000000	0.0000000000	1.0000000000
21	22	32
1.1913927421	-1.7507126037	-1.3467341701	0.0000000000	-0.6655150056	0.8651488423
-1.7507126037	4.5378550493	-0.5757695366	0.6655150056	0.0000000000	-2.0235970020
-1.3467341701	-0.5757695366	4.8434273460	-0.8651488423	2.0235970020	0.0000000000
0.0000000000	0.6655150056	-0.8651488423	1.0000000000	0.0000000000	0.0000000000
-0.6655150056	0.0000000000	2.0235970020	0.0000000000	1.0000000000	0.0000000000
0.8651488423	-2.0235970020	0.0000000000	0.0000000000	0.0000000000	1.0000000000
21	23	32
6.0488148751	0.5888098050	1.0866311666	0.0000000000	-2.1623787880	1.1717221737
0.5888098050	4.9284049236	-2.5337071738	2.1623787880	0.0000000000	0.5025165677
1.0866311666	-2.5337071738	1.6254557531	-1.1717221737	-0.5025165677	0.0000000000
0.0000000000	2.1623787880	-1.1717221737	1.0000000000	0.0000000000	0.0000000000
-2.1623787880	0.0000000000	-0.5025165677	0.0000000000	1.0000000000	0.0000000000
1.1717221737	0.5025165677	0.0000000000	0.0000000000	0.0000000000	1.0000000000
22	23	32
2.7747827163	-0.1051759548	0.0174203548	0.0000000000	-0.2721937597	-1.6433786154
-0.1051759548	0.0781854213	0.4473174039	0.2721937597	0.0000000000	0.0639998317
0.0174203548	0.4473174039	2.7047892519	1.6433786154	-0.0639998317	0.0000000000
0.0000000000	0.2721937597	1.6433786154	1.0000000000	0.0000000000	0.0000000000
-0.2721937597	0.0000000000	-0.0639998317	0.0000000000	1.0000000000	0.0000000000
-1.6433786154	0.0639998317	0.0000000000	0.0000000000	0.0000000000	1.0000000000
22	24	32
1.4490180880	-0.5808104931	-0.4698337141	0.0000000000	-0.7570613623	0.9358825684
-0.5808104931	0.9582886152	-0.7085205321	0.7570613623	0.0000000000	-0.6206018925
-0.4698337141	-0.7085205321	1.2610228907	-0.9358825684	0.6206018925	0.0000000000
0.0000000000	0.7570613623	-0.9358825684	1.0000000000	0.0000000000	0.0000000000
-0.7570613623	0.0000000000	0.6206018925	0.0000000000	1.0000000000	0.0000000000
0.9358825684	-0.6206018925	0.0000000000	0.0000000000	0.0000000000	1.0000000000
23	24	32
4.8018897814	-0.5724984499	0.1537201695	0.0000000000	-0.5682582259	-2.1163582802
-0.5724984499	0.3960936777	1.2026380017	0.5682582259	0.0000000000	0.2705111206
0.1537201695	1.2026380017	4.5521486364	2.1163582802	-0.2705111206	0.0000000000
0.0000000000	0.5682582259	2.1163582802	1.0000000000	0.0000000000	0.0000000000
-0.5682582259	0.0000000000	-0.2705111206	0.0000000000	1.0000000000	0.0000000000
-2.1163582802	0.2705111206	0.0000000000	0.0000000000	0.0000000000	1.0000000000
23	25	32
17.8881215266	3.1017440544	21.5648716282	0.0000000000	-4.1863532066	0.6021364927
3.1017440544	44.0607320499	-2.5207560372	4.1863532066	0.0000000000	5.1512308121
21.5648716282	-2.5207560372	26.8977472351	-0.6021364927	-5.1512308121	0.0000000000
0.0000000000	4.1863532066	-0.6021364927	1.0000000000	0.0000000000	0.0000000000
-4.1863532066	0.0000000000	-5.1512308121	0.0000000000	1.0000000000	0.0000000000
0.6021364927	5.1512308121	0.0000000000	0.0000000000	0.0000000000	1.0000000000
24	25	32
15.4147471809	-0.1728236730	0.5341807060	0.0000000000	-3.7355241776	-1.2085554600
-0.1728236730	13.9745899384	4.5145881407	3.7355241776	0.0000000000	0.1430002004
0.5341807060	4.5145881407	1.4810553572	1.2085554600	-0.1430002004	0.0000000000
0.0000000000	3.7355241776	1.2085554600	1.0000000000	0.0000000000	0.0000000000
-3.7355241776	0.0000000000	-0.1430002004	0.0000000000	1.0000000000	0.0000000000
-1.2085554600	0.1430002004	0.0000000000	0.0000000000	0.0000000000	1.0000000000
24	26	32
32.1699350941	12.5718591639	15.5658914200	0.0000000000	-4.4124512672	3.5637352467
12.5718591639	31.9145327223	-15.7248081052	4.4124512672	0.0000000000	3.5277197361
15.5658914200	-15.7248081052	25.1450154447	-3.5637352467	-3.5277197361	0.0000000000
0.0000000000	4.4124512672	-3.5637352467	1.0000000000	0.0000000000	0.0000000000
-4.4124512672	0.0000000000	-3.5277197361	0.0000000000	1.0000000000	0.0000000000
3.5637352467	3.5277197361	0.0000000000	0.0000000000	0.0000000000	1.0000000000
25	26	32
1.2325399510	0.7779438020	0.3738057083	0.0000000000	-0.4808277190	1.0006721020
0.7779438020	0.8355791663	-0.4811508842	0.4808277190	0.0000000000	0.7774212956
0.3738057083	-0.4811508842	1.6057285266	-1.0006721020	-0.7774212956	0.0000000000
0.0000000000	0.4808277190	-1.0006721020	1.0000000000	0.0000000000	0.0000000000
-0.4808277190	0.0000000000	-0.7774212956	0.0000000000	1.0000000000	0.0000000000
1.0006721020	0.7774212956	0.0000000000	0.0000000000	0.0000000000	1.0000000000
25	27	32
12.7162289199	-0.9661585066	1.9559602818	0.0000000000	-3.1972033978	-1.5792781115
-0.9661585066	10.5963748393	5.0492733439	3.1972033978	0.0000000000	0.6117722392
1.9559602818	5.0492733439	2.8683846260	1.5792781115	-0.6117722392	0.0000000000
0.0000000000	3.1972033978	1.5792781115	1.0000000000	0.0000000000	0.0000000000
-3.1972033978	0.0000000000	-0.6117722392	0.0000000000	1.0000000000	0.0000000000
-1.5792781115	0.6117722392	0.0000000000	0.0000000000	0.0000000000	1.0000000000
25	28	32
1.0550748118	-0.9096120780	-0.2007193003	0.0000000000	-0.2213351429	1.0030381680
-0.9096120780	0.8713786726	-0.2220075962	0.2213351429	0.0000000000	-0.9068568945
-0.2007193003	-0.2220075962	1.8284749935	-1.0030381680	0.9068568945	0.0000000000
0.0000000000	0.2213351429	-1.0030381680	1.0000000000	0.0000000000	0.0000000000
-0.2213351429	0.0000000000	0.9068568945	0.0000000000	1.0000000000	0.0000000000
1.0030381680	-0.9068568945	0.0000000000	0.0000000000	0.0000000000	1.0000000000
26	27	32
11.3483298316	6.3505041776	-0.2745419113	0.0000000000	-0.1454993188	-3.3655846119
6.3505041776	3.5815421215	0.4896902685	0.1454993188	0.0000000000	-1.8868948221
-0.2745419113	0.4896902685	14.8875318496	3.3655846119	1.8868948221	0.0000000000
0.0000000000	0.1454993188	3.3655846119	1.0000000000	0.0000000000	0.0000000000
-0.1454993188	0.0000000000	1.8868948221	0.0000000000	1.0000000000	0.0000000000
-3.3655846119	-1.8868948221	0.0000000000	0.0000000000	0.0000000000	1.0000000000
26	28	32
3.3461799607	-0.2950218196	0.0650028078	0.0000000000	-0.3936033845	-1.7864087820
-0.2950218196	0.1821974829	0.7031365427	0.3936033845	0.0000000000	0.1651479900
0.0650028078	0.7031365427	3.2185301950	1.7864087820	-0.1651479900	0.0000000000
0.0000000000	0.3936033845	1.7864087820	1.0000000000	0.0000000000	0.0000000000
-0.3936033845	0.0000000000	-0.1651479900	0.0000000000	1.0000000000	0.0000000000
-1.7864087820	0.1651479900	0.0000000000	0.0000000000	0.0000000000	1.0000000000
26	29	32
27.6081597786	-48.2251232446	21.9671591589	0.0000000000	-2.1780967712	-4.7816371918
-48.2251232446	106.4610840029	10.4148685286	2.1780967712	0.0000000000	10.0854835510
21.9671591589	10.4148685286	124.5810326917	4.7816371918	-10.0854835510	0.0000000000
0.0000000000	2.1780967712	4.7816371918	1.0000000000	0.0000000000	0.0000000000
-2.1780967712	0.0000000000	-10.0854835510	0.0000000000	1.0000000000	0.0000000000
-4.7816371918	10.0854835510	0.0000000000	0.0000000000	0.0000000000	1.0000000000
27	28	32
0.1777954648	-0.3317857929	0.1902162443	0.0000000000	0.2097196728	0.3658047616
-0.3317857929	0.8666356756	0.0767164549	-0.2097196728	0.0000000000	-0.9070023894
0.1902162443	0.0767164549	0.9564664581	-0.3658047616	0.9070023894	0.0000000000
0.0000000000	-0.2097196728	-0.3658047616	1.0000000000	0.0000000000	0.0000000000
0.2097196728	0.0000000000	0.9070023894	0.0000000000	1.0000000000	0.0000000000
0.3658047616	-0.9070023894	0.0000000000	0.0000000000	0.0000000000	1.0000000000
27	29	32
2.5702188348	1.5875022846	0.0590281134	0.0000000000	0.0595702715	-1.6020830870
1.5875022846	0.9854291434	-0.0954365245	-0.0595702715	0.0000000000	-0.9908988476
0.0590281134	-0.0954365245	3.5485507437	1.6020830870	0.9908988476	0.0000000000
0.0000000000	-0.0595702715	1.6020830870	1.0000000000	0.0000000000	0.0000000000
0.0595702715	0.0000000000	0.9908988476	0.0000000000	1.0000000000	0.0000000000
-1.6020830870	-0.9908988476	0.0000000000	0.0000000000	0.0000000000	1.0000000000
27	30	32
14.7876095321	1.8606164685	8.0794824360	0.0000000000	-3.7473821640	0.8629811406
1.8606164685	18.6913546330	-3.2339201342	3.7473821640	0.0000000000	2.1560337543
8.0794824360	-3.2339201342	5.3932179989	-0.8629811406	-2.1560337543	0.0000000000
0.0000000000	3.7473821640	-0.8629811406	1.0000000000	0.0000000000	0.0000000000
-3.7473821640	0.0000000000	-2.1560337543	0.0000000000	1.0000000000	0.0000000000
0.8629811406	2.1560337543	0.0000000000	0.0000000000	0.0000000000	1.0000000000
28	29	32
2.1259987988	-0.4870691465	-0.0006503490	0.0000000000	-0.0019468700	1.4580792189
-0.4870691465	0.1115921772	-0.0028386907	0.0019468700	0.0000000000	-0.3340484798
-0.0006503490	-0.0028386907	2.2375833953	-1.4580792189	0.3340484798	0.0000000000
0.0000000000	0.0019468700	-1.4580792189	1.0000000000	0.0000000000	0.0000000000
-0.0019468700	0.0000000000	0.3340484798	0.0000000000	1.0000000000	0.0000000000
1.4580792189	-0.3340484798	0.0000000000	0.0000000000	0.0000000000	1.0000000000
28	30	32
3.1906820889	1.6401646180	-0.1297971485	0.0000000000	-0.1409171373	-1.7806808949
1.6401646180	0.8682615854	0.2509284541	0.1409171373	0.0000000000	-0.9210884571
-0.1297971485	0.2509284541	4.0192283951	1.7806808949	0.9210884571	0.0000000000
0.0000000000	0.1409171373	1.7806808949	1.0000000000	0.0000000000	0.0000000000
-0.1409171373	0.0000000000	0.9210884571	0.0000000000	1.0000000000	0.0000000000
-1.7806808949	-0.9210884571	0.0000000000	0.0000000000	0.0000000000	1.0000000000
28	31	32
1.4084212704	-0.3479326744	-0.0757541024	0.0000000000	0.2524759173	-1.1596021652
-0.3479326744	0.1537710095	-0.2927716204	-0.2524759173	0.0000000000	0.3000448644
-0.0757541024	-0.2927716204	1.4347041023	1.1596021652	-0.3000448644	0.0000000000
0.0000000000	-0.2524759173	1.1596021652	1.0000000000	0.0000000000	0.0000000000
0.2524759173	0.0000000000	-0.3000448644	0.0000000000	1.0000000000	0.0000000000
-1.1596021652	0.3000448644	0.0000000000	0.0000000000	0.0000000000	1.0000000000
29	30	32
1.2864582441	-0.4408084686	-0.0981508635	0.0000000000	-0.2465100884	1.1071093082
-0.4408084686	0.2192999230	-0.2729136135	0.2465100884	0.0000000000	-0.3981616497
-0.0981508635	-0.2729136135	1.3842237197	-1.1071093082	0.3981616497	0.0000000000
0.0000000000	0.2465100884	-1.1071093082	1.0000000000	0.0000000000	0.0000000000
-0.2465100884	0.0000000000	0.3981616497	0.0000000000	1.0000000000	0.0000000000
1.1071093082	-0.3981616497	0.0000000000	0.0000000000	0.0000000000	1.0000000000
29	31	32
18.6122105900	2.1512080566	4.6453691170	0.0000000000	-3.9147975445	1.8128901720
2.1512080566	16.7337020221	-7.0970979938	3.9147975445	0.0000000000	1.1866179705
4.6453691170	-7.0970979938	4.6946329836	-1.8128901720	-1.1866179705	0.0000000000
0.0000000000	3.9147975445	-1.8128901720	1.0000000000	0.0000000000	0.0000000000
-3.9147975445	0.0000000000	-1.1866179705	0.0000000000	1.0000000000	0.0000000000
1.8128901720	1.1866179705	0.0000000000	0.0000000000	0.0000000000	1.0000000000
3	4	32
1.4316879001	-0.2237267908	-0.2343004456	0.0000000000	-0.8653768897	0.8263236284
-0.2237267908	0.8221825065	-0.7150813715	0.8653768897	0.0000000000	-0.2707495987
-0.2343004456	-0.7150813715	0.7561160841	-0.8263236284	0.2707495987	0.0000000000
0.0000000000	0.8653768897	-0.8263236284	1.0000000000	0.0000000000	0.0000000000
-0.8653768897	0.0000000000	0.2707495987	0.0000000000	1.0000000000	0.0000000000
0.8263236284	-0.2707495987	0.0000000000	0.0000000000	0.0000000000	1.0000000000
3	5	32
40.4404538723	-13.7874304954	4.5364464544	0.0000000000	-1.9875578880	-6.0407009125
-13.7874304954	9.1598379328	12.0062427478	1.9875578880	0.0000000000	2.2824223042
4.5364464544	12.0062427478	41.6995190885	6.0407009125	-2.2824223042	0.0000000000
0.0000000000	1.9875578880	6.0407009125	1.0000000000	0.0000000000	0.0000000000
-1.9875578880	0.0000000000	-2.2824223042	0.0000000000	1.0000000000	0.0000000000
-6.0407009125	2.2824223042	0.0000000000	0.0000000000	0.0000000000	1.0000000000
3	6	32
3.9811510979	-5.1866569029	1.5471005658	0.0000000000	-0.5703305602	-1.9120340347
-5.1866569029	7.6836839185	1.0904914422	0.5703305602	0.0000000000	2.7126383781
1.5471005658	1.0904914422	11.0142811205	1.9120340347	-2.7126383781	0.0000000000
0.0000000000	0.5703305602	1.9120340347	1.0000000000	0.0000000000	0.0000000000
-0.5703305602	0.0000000000	-2.7126383781	0.0000000000	1.0000000000	0.0000000000
-1.9120340347	2.7126383781	0.0000000000	0.0000000000	0.0000000000	1.0000000000
30	31	32
29.7069674053	38.4246233775	-16.2800577623	0.0000000000	-2.1262991428	-5.0185475349
38.4246233775	63.1434886792	10.6709333218	2.1262991428	0.0000000000	-7.6565227509
-16.2800577623	10.6709333218	83.8081599948	5.0185475349	7.6565227509	0.0000000000
0.0000000000	2.1262991428	5.0185475349	1.0000000000	0.0000000000	0.0000000000
-2.1262991428	0.0000000000	7.6565227509	0.0000000000	1.0000000000	0.0000000000
-5.0185475349	-7.6565227509	0.0000000000	0.0000000000	0.0000000000	1.0000000000
4	5	32
0.5921257537	-0.3197613183	-0.0982610721	0.0000000000	-0.2260312587	0.7355512381
-0.3197613183	0.2400745446	-0.1662575722	0.2260312587	0.0000000000	-0.4347233772
-0.0982610721	-0.1662575722	0.7300200385	-0.7355512381	0.4347233772	0.0000000000
0.0000000000	0.2260312587	-0.7355512381	1.0000000000	0.0000000000	0.0000000000
-0.2260312587	0.0000000000	0.4347233772	0.0000000000	1.0000000000	0.0000000000
0.7355512381	-0.4347233772	0.0000000000	0.0000000000	0.0000000000	1.0000000000
4	6	32
3.1949547844	1.4091331158	-1.3233245796	0.0000000000	-1.2236191034	-1.3029624224
1.4091331158	2.6668515242	1.5943297111	1.2236191034	0.0000000000	-1.0814840794
-1.3233245796	1.5943297111	2.8673188880	1.3029624224	1.0814840794	0.0000000000
0.0000000000	1.2236191034	1.3029624224	1.0000000000	0.0000000000	0.0000000000
-1.2236191034	0.0000000000	1.0814840794	0.0000000000	1.0000000000	0.0000000000
-1.3029624224	-1.0814840794	0.0000000000	0.0000000000	0.0000000000	1.0000000000
4	7	32
3.1157132265	0.1884806233	-1.1304788930	0.0000000000	-1.7411048412	-0.2902880609
0.1884806233	3.4530212830	0.5054219482	1.7411048412	0.0000000000	-0.6492882371
-1.1304788930	0.5054219482	0.5058423731	0.2902880609	0.6492882371	0.0000000000
0.0000000000	1.7411048412	0.2902880609	1.0000000000	0.0000000000	0.0000000000
-1.7411048412	0.0000000000	0.6492882371	0.0000000000	1.0000000000	0.0000000000
-0.2902880609	-0.6492882371	0.0000000000	0.0000000000	0.0000000000	1.0000000000
4	8	32
1.1423234323	0.3366108728	-0.0192328085	0.0000000000	0.0609679185	1.0670549870
0.3366108728	0.1032307426	0.0650561215	-0.0609679185	0.0000000000	0.3154578507
-0.0192328085	0.0650561215	1.2381200007	-1.0670549870	-0.3154578507	0.0000000000
0.0000000000	-0.0609679185	-1.0670549870	1.0000000000	0.0000000000	0.0000000000
0.0609679185	0.0000000000	-0.3154578507	0.0000000000	1.0000000000	0.0000000000
1.0670549870	0.3154578507	0.0000000000	0.0000000000	0.0000000000	1.0000000000
4	9	32
36.0716739922	15.3296188412	18.0161144795	0.0000000000	-4.5741891861	3.8921031952
15.3296188412	36.4361433950	-17.8032163466	4.5741891861	0.0000000000	3.9386465549
18.0161144795	-17.8032163466	30.6614039668	-3.8921031952	-3.9386465549	0.0000000000
0.0000000000	4.5741891861	-3.8921031952	1.0000000000	0.0000000000	0.0000000000
-4.5741891861	0.0000000000	-3.9386465549	0.0000000000	1.0000000000	0.0000000000
3.8921031952	3.9386465549	0.0000000000	0.0000000000	0.0000000000	1.0000000000
5	14	32
9.9156861216	-1.0084551709	-3.2137928983	0.0000000000	-3.0044741631	0.9427731037
-1.0084551709	10.1710567837	-2.8325374317	3.0044741631	0.0000000000	-1.0696690083
-3.2137928983	-2.8325374317	2.0330129123	-0.9427731037	1.0696690083	0.0000000000
0.0000000000	3.0044741631	-0.9427731037	1.0000000000	0.0000000000	0.0000000000
-3.0044741631	0.0000000000	1.0696690083	0.0000000000	1.0000000000	0.0000000000
0.9427731037	-1.0696690083	0.0000000000	0.0000000000	0.0000000000	1.0000000000
5	15	32
3.3594237906	-1.9839852398	-1.1939877055	0.0000000000	-0.9450978637	1.5704183578
-1.9839852398	2.4892587014	-1.4841990351	0.9450978637	0.0000000000	-1.2633482218
-1.1939877055	-1.4841990351	4.0622625481	-1.5704183578	1.2633482218	0.0000000000
0.0000000000	0.9450978637	-1.5704183578	1.0000000000	0.0000000000	0.0000000000
-0.9450978637	0.0000000000	1.2633482218	0.0000000000	1.0000000000	0.0000000000
1.5704183578	-1.2633482218	0.0000000000	0.0000000000	0.0000000000	1.0000000000
5	16	32
5.5815733052	2.0370327127	-0.2296905301	0.0000000000	-0.2647158504	-2.3476581573
2.0370327127	0.8229553956	0.6214623255	0.2647158504	0.0000000000	-0.8676871061
-0.2296905301	0.6214623255	6.2643797379	2.3476581573	0.8676871061	0.0000000000
0.0000000000	0.2647158504	2.3476581573	1.0000000000	0.0000000000	0.0000000000
-0.2647158504	0.0000000000	0.8676871061	0.0000000000	1.0000000000	0.0000000000
-2.3476581573	-0.8676871061	0.0000000000	0.0000000000	0.0000000000	1.0000000000
5	17	32
2.1411608351	-0.6803823486	-0.1066551503	0.0000000000	-0.2266115248	1.4456168413
-0.6803823486	0.2728660173	-0.3275934367	0.2266115248	0.0000000000	-0.4706519246
-0.1066551503	-0.3275934367	2.3113212860	-1.4456168413	0.4706519246	0.0000000000
0.0000000000	0.2266115248	-1.4456168413	1.0000000000	0.0000000000	0.0000000000
-0.2266115248	0.0000000000	0.4706519246	0.0000000000	1.0000000000	0.0000000000
1.4456168413	-0.4706519246	0.0000000000	0.0000000000	0.0000000000	1.0000000000
5	18	32
38.8086708848	-5.8195763808	6.1558500789	0.0000000000	-4.5269455910	-4.2796535492
-5.8195763808	22.3423581858	19.3737587654	4.5269455910	0.0000000000	1.3598241806
6.1558500789	19.3737587654	20.1645563033	4.2796535492	-1.3598241806	0.0000000000
0.0000000000	4.5269455910	4.2796535492	1.0000000000	0.0000000000	0.0000000000
-4.5269455910	0.0000000000	-1.3598241806	0.0000000000	1.0000000000	0.0000000000
-4.2796535492	1.3598241806	0.0000000000	0.0000000000	0.0000000000	1.0000000000
5	6	32
71.1743629830	0.7237162365	0.3385713312	0.0000000000	-3.5749254227	7.6416144371
0.7237162365	12.7890612395	-27.3182017214	3.5749254227	0.0000000000	0.0947072431
0.3385713312	-27.3182017214	58.4032406672	-7.6416144371	-0.0947072431	0.0000000000
0.0000000000	3.5749254227	-7.6416144371	1.0000000000	0.0000000000	0.0000000000
-3.5749254227	0.0000000000	-0.0947072431	0.0000000000	1.0000000000	0.0000000000
7.6416144371	0.0947072431	0.0000000000	0.0000000000	0.0000000000	1.0000000000
5	7	32
74.5278066061	-0.4363184433	-0.2345401700	0.0000000000	-4.0874671936	7.6039738655
-0.4363184433	16.7106805598	-31.0809937163	4.0874671936	0.0000000000	-0.0573803186
-0.2345401700	-31.0809937163	57.8237110483	-7.6039738655	0.0573803186	0.0000000000
0.0000000000	4.0874671936	-7.6039738655	1.0000000000	0.0000000000	0.0000000000
-4.0874671936	0.0000000000	0.0573803186	0.0000000000	1.0000000000	0.0000000000
7.6039738655	-0.0573803186	0.0000000000	0.0000000000	0.0000000000	1.0000000000
