0	1	32
3.0550766654	-3.6775004802	0.4309239430	0.0000000000	0.2034218609	1.7360000610
-3.6775004802	4.5288963912	0.3531403630	-0.2034218609	0.0000000000	-2.1183757782
0.4309239430	0.3531403630	7.5012121496	-1.7360000610	2.1183757782	0.0000000000
0.0000000000	-0.2034218609	-1.7360000610	1.0000000000	0.0000000000	0.0000000000
0.2034218609	0.0000000000	2.1183757782	0.0000000000	1.0000000000	0.0000000000
1.7360000610	-2.1183757782	0.0000000000	0.0000000000	0.0000000000	1.0000000000
0	2	32
14.4735478867	-2.7322143614	-0.1039755247	0.0000000000	0.1446737051	-3.8016598225
-2.7322143614	0.5374455943	-0.5500002120	-0.1446737051	0.0000000000	0.7186898589
-0.1039755247	-0.5500002120	14.9691325190	3.8016598225	-0.7186898589	0.0000000000
0.0000000000	-0.1446737051	3.8016598225	1.0000000000	0.0000000000	0.0000000000
0.1446737051	0.0000000000	-0.7186898589	0.0000000000	1.0000000000	0.0000000000
-3.8016598225	0.7186898589	0.0000000000	0.0000000000	0.0000000000	1.0000000000
0	21	32
0.0523822135	-0.2010708202	0.1561869768	0.0000000000	0.1404007226	0.1807480305
-0.2010708202	1.2572287289	0.0253771541	-0.1404007226	0.0000000000	-1.1124371290
0.1561869768	0.0253771541	1.2701862166	-0.1807480305	1.1124371290	0.0000000000
0.0000000000	-0.1404007226	-0.1807480305	1.0000000000	0.0000000000	0.0000000000
0.1404007226	0.0000000000	1.1124371290	0.0000000000	1.0000000000	0.0000000000
0.1807480305	-1.1124371290	0.0000000000	0.0000000000	0.0000000000	1.0000000000
0	22	32
0.7013197991	-0.8128020356	0.1226371555	0.0000000000	0.1249416769	0.8280757070
-0.8128020356	0.9790610793	0.1034611674	-0.1249416769	0.0000000000	-0.9815552235
0.1226371555	0.1034611674	1.6491600332	-0.8280757070	0.9815552235	0.0000000000
0.0000000000	-0.1249416769	-0.8280757070	1.0000000000	0.0000000000	0.0000000000
0.1249416769	0.0000000000	0.9815552235	0.0000000000	1.0000000000	0.0000000000
0.8280757070	-0.9815552235	0.0000000000	0.0000000000	0.0000000000	1.0000000000
0	23	32
4.0633886495	0.3215739046	-1.7702023649	0.0000000000	-1.9833254814	-0.3602897227
0.3215739046	4.7302121528	0.7145717877	1.9833254814	0.0000000000	-0.8925425410
-1.7702023649	0.7145717877	0.9264408718	0.3602897227	0.8925425410	0.0000000000
0.0000000000	1.9833254814	0.3602897227	1.0000000000	0.0000000000	0.0000000000
-1.9833254814	0.0000000000	0.8925425410	0.0000000000	1.0000000000	0.0000000000
-0.3602897227	-0.8925425410	0.0000000000	0.0000000000	0.0000000000	1.0000000000
0	24	32
0.0046522777	-0.2144551762	0.0536284151	0.0000000000	0.0165470205	0.0661700368
-0.2144551762	10.5041673998	0.0010949170	-0.0165470205	0.0000000000	-3.2409710884
0.0536284151	0.0010949170	10.5082720697	-0.0661700368	3.2409710884	0.0000000000
0.0000000000	-0.0165470205	-0.0661700368	1.0000000000	0.0000000000	0.0000000000
0.0165470205	0.0000000000	3.2409710884	0.0000000000	1.0000000000	0.0000000000
0.0661700368	-3.2409710884	0.0000000000	0.0000000000	0.0000000000	1.0000000000
0	25	32
8.1690569730	4.1135096017	-4.8057953378	0.0000000000	-2.1713557243	-1.8585669994
4.1135096017	9.6133474378	4.0356100933	2.1713557243	0.0000000000	-2.2132694721
-4.8057953378	4.0356100933	8.3528330476	1.8585669994	2.2132694721	0.0000000000
0.0000000000	2.1713557243	1.8585669994	1.0000000000	0.0000000000	0.0000000000
-2.1713557243	0.0000000000	2.2132694721	0.0000000000	1.0000000000	0.0000000000
-1.8585669994	-2.2132694721	0.0000000000	0.0000000000	0.0000000000	1.0000000000
0	26	32
1.9382718379	0.8455284477	0.1183021632	0.0000000000	0.1929132044	-1.3787879944
0.8455284477	0.4132792451	-0.2659864102	-0.1929132044	0.0000000000	-0.6132403612
0.1183021632	-0.2659864102	2.2771200741	1.3787879944	0.6132403612	0.0000000000
0.0000000000	-0.1929132044	1.3787879944	1.0000000000	0.0000000000	0.0000000000
0.1929132044	0.0000000000	0.6132403612	0.0000000000	1.0000000000	0.0000000000
-1.3787879944	-0.6132403612	0.0000000000	0.0000000000	0.0000000000	1.0000000000
0	27	32
27.5298929301	-21.9957631900	-10.8626876339	0.0000000000	-2.3233213425	4.7044734955
-21.9957631900	27.2581170667	-10.9300036771	2.3233213425	0.0000000000	-4.6754994392
-10.8626876339	-10.9300036771	43.9923658760	-4.7044734955	4.6754994392	0.0000000000
0.0000000000	2.3233213425	-4.7044734955	1.0000000000	0.0000000000	0.0000000000
-2.3233213425	0.0000000000	4.6754994392	0.0000000000	1.0000000000	0.0000000000
4.7044734955	-4.6754994392	0.0000000000	0.0000000000	0.0000000000	1.0000000000
0	28	32
3.6384043151	0.6130497716	-0.0502659782	0.0000000000	0.1558758765	1.9010804892
0.6130497716	0.1282870213	0.2963325876	-0.1558758765	0.0000000000	0.3224743903
-0.0502659782	0.2963325876	3.7180967586	-1.9010804892	-0.3224743903	0.0000000000
0.0000000000	-0.1558758765	-1.9010804892	1.0000000000	0.0000000000	0.0000000000
0.1558758765	0.0000000000	-0.3224743903	0.0000000000	1.0000000000	0.0000000000
1.9010804892	0.3224743903	0.0000000000	0.0000000000	0.0000000000	1.0000000000
0	29	32
19.9433883847	5.2716987378	-1.5066464855	0.0000000000	-1.2271866798	-4.2938795090
5.2716987378	3.0132932596	5.2693917382	1.2271866798	0.0000000000	-1.2277239561
-1.5066464855	5.2693917382	19.9447073500	4.2938795090	1.2277239561	0.0000000000
0.0000000000	1.2271866798	4.2938795090	1.0000000000	0.0000000000	0.0000000000
-1.2271866798	0.0000000000	1.2277239561	0.0000000000	1.0000000000	0.0000000000
-4.2938795090	-1.2277239561	0.0000000000	0.0000000000	0.0000000000	1.0000000000
0	3	32
6.6263472117	1.8721615948	-2.0028529185	0.0000000000	-1.8805329800	-1.7578233480
1.8721615948	4.6707259007	3.3056447790	1.8805329800	0.0000000000	-1.0650453568
-2.0028529185	3.3056447790	4.2242645349	1.7578233480	1.0650453568	0.0000000000
0.0000000000	1.8805329800	1.7578233480	1.0000000000	0.0000000000	0.0000000000
-1.8805329800	0.0000000000	1.0650453568	0.0000000000	1.0000000000	0.0000000000
-1.7578233480	-1.0650453568	0.0000000000	0.0000000000	0.0000000000	1.0000000000
0	30	32
4.8467744904	2.0765313840	-0.2621647786	0.0000000000	-0.2757581472	-2.1842005253
2.0765313840	0.9798834439	0.6023110901	0.2757581472	0.0000000000	-0.9507054687
-0.2621647786	0.6023110901	5.6745728228	2.1842005253	0.9507054687	0.0000000000
0.0000000000	0.2757581472	2.1842005253	1.0000000000	0.0000000000	0.0000000000
-0.2757581472	0.0000000000	0.9507054687	0.0000000000	1.0000000000	0.0000000000
-2.1842005253	-0.9507054687	0.0000000000	0.0000000000	0.0000000000	1.0000000000
0	31	32
14.7682677938	14.1232751951	-23.6079880129	0.0000000000	-3.2978587151	-1.9729155302
14.1232751951	62.1211508887	6.5063966754	3.2978587151	0.0000000000	-7.1585807800
-23.6079880129	6.5063966754	55.1376744735	1.9729155302	7.1585807800	0.0000000000
0.0000000000	3.2978587151	1.9729155302	1.0000000000	0.0000000000	0.0000000000
-3.2978587151	0.0000000000	7.1585807800	0.0000000000	1.0000000000	0.0000000000
-1.9729155302	-7.1585807800	0.0000000000	0.0000000000	0.0000000000	1.0000000000
0	4	32
2.0845048680	-0.6127516037	-0.5992090977	0.0000000000	-1.0094369650	1.0322508812
-0.6127516037	1.3713325498	-1.0419921966	1.0094369650	0.0000000000	-0.5936072469
-0.5992090977	-1.0419921966	1.4179114453	-1.0322508812	0.5936072469	0.0000000000
0.0000000000	1.0094369650	-1.0322508812	1.0000000000	0.0000000000	0.0000000000
-1.0094369650	0.0000000000	0.5936072469	0.0000000000	1.0000000000	0.0000000000
1.0322508812	-0.5936072469	0.0000000000	0.0000000000	0.0000000000	1.0000000000
0	5	32
7.6441306139	3.0782185308	-0.2489303015	0.0000000000	0.2228573263	2.7558057308
3.0782185308	1.2973410360	0.6141514969	-0.2228573263	0.0000000000	1.1169940233
-0.2489303015	0.6141514969	8.8421408742	-2.7558057308	-1.1169940233	0.0000000000
0.0000000000	-0.2228573263	-2.7558057308	1.0000000000	0.0000000000	0.0000000000
0.2228573263	0.0000000000	-1.1169940233	0.0000000000	1.0000000000	0.0000000000
2.7558057308	1.1169940233	0.0000000000	0.0000000000	0.0000000000	1.0000000000
1	2	32
24.7257601393	13.7917359130	-0.9921192166	0.0000000000	0.3567787409	4.9596843719
13.7917359130	7.8599665856	1.7695099454	-0.3567787409	0.0000000000	2.7807688713
-0.9921192166	1.7695099454	32.3311445850	-4.9596843719	-2.7807688713	0.0000000000
0.0000000000	-0.3567787409	-4.9596843719	1.0000000000	0.0000000000	0.0000000000
0.3567787409	0.0000000000	-2.7807688713	0.0000000000	1.0000000000	0.0000000000
4.9596843719	2.7807688713	0.0000000000	0.0000000000	0.0000000000	1.0000000000
1	22	32
0.3937096864	-0.2000499317	-0.0522907387	0.0000000000	0.1586802751	-0.6070669293
-0.2000499317	0.1337728883	-0.0963295473	-0.1586802751	0.0000000000	0.3295352161
-0.0522907387	-0.0963295473	0.4771237153	0.6070669293	-0.3295352161	0.0000000000
0.0000000000	-0.1586802751	0.6070669293	1.0000000000	0.0000000000	0.0000000000
0.1586802751	0.0000000000	-0.3295352161	0.0000000000	1.0000000000	0.0000000000
-0.6070669293	0.3295352161	0.0000000000	0.0000000000	0.0000000000	1.0000000000
1	23	32
3.0701075260	1.8043912867	0.2460720321	0.0000000000	0.2367592454	-1.7361027002
1.8043912867	1.1362709694	-0.4110383652	-0.2367592454	0.0000000000	-1.0393344164
0.2460720321	-0.4110383652	4.0942686148	1.7361027002	1.0393344164	0.0000000000
0.0000000000	-0.2367592454	1.7361027002	1.0000000000	0.0000000000	0.0000000000
0.2367592454	0.0000000000	1.0393344164	0.0000000000	1.0000000000	0.0000000000
-1.7361027002	-1.0393344164	0.0000000000	0.0000000000	0.0000000000	1.0000000000
1	24	32
11.6094969202	4.0748900829	-4.1586005179	0.0000000000	-2.4336743355	-2.3846857548
4.0748900829	8.8426808834	5.8035485196	2.4336743355	0.0000000000	-1.7087744474
-4.1586005179	5.8035485196	8.6066362613	2.3846857548	1.7087744474	0.0000000000
0.0000000000	2.4336743355	2.3846857548	1.0000000000	0.0000000000	0.0000000000
-2.4336743355	0.0000000000	1.7087744474	0.0000000000	1.0000000000	0.0000000000
-2.3846857548	-1.7087744474	0.0000000000	0.0000000000	0.0000000000	1.0000000000
1	25	32
0.4033609625	0.5746772177	0.1194254433	0.0000000000	0.1292227209	-0.6218218803
0.5746772177	0.8708127495	-0.0803535153	-0.1292227209	0.0000000000	-0.9241830111
0.1194254433	-0.0803535153	1.2407766888	0.6218218803	0.9241830111	0.0000000000
0.0000000000	-0.1292227209	0.6218218803	1.0000000000	0.0000000000	0.0000000000
0.1292227209	0.0000000000	0.9241830111	0.0000000000	1.0000000000	0.0000000000
-0.6218218803	-0.9241830111	0.0000000000	0.0000000000	0.0000000000	1.0000000000
1	26	32
2.0462339966	-1.0170527888	0.2946245659	0.0000000000	-0.3980201483	-1.3739774227
-1.0170527888	0.7063534673	0.5468706975	0.3980201483	0.0000000000	0.7402252555
0.2946245659	0.5468706975	2.4357473870	1.3739774227	-0.7402252555	0.0000000000
0.0000000000	0.3980201483	1.3739774227	1.0000000000	0.0000000000	0.0000000000
-0.3980201483	0.0000000000	-0.7402252555	0.0000000000	1.0000000000	0.0000000000
-1.3739774227	0.7402252555	0.0000000000	0.0000000000	0.0000000000	1.0000000000
1	27	32
58.5633386324	8.9587437018	-1.1746577900	0.0000000000	-0.9948914051	-7.5877223015
8.9587437018	2.3838364949	7.5489597021	0.9948914051	0.0000000000	-1.1806894541
-1.1746577900	7.5489597021	58.9675573114	7.5877223015	1.1806894541	0.0000000000
0.0000000000	0.9948914051	7.5877223015	1.0000000000	0.0000000000	0.0000000000
-0.9948914051	0.0000000000	1.1806894541	0.0000000000	1.0000000000	0.0000000000
-7.5877223015	-1.1806894541	0.0000000000	0.0000000000	0.0000000000	1.0000000000
1	28	32
22.3568722410	5.6168518252	-2.2215410796	0.0000000000	-1.7390298843	-4.3968906403
5.6168518252	4.6561289367	7.6463242216	1.7390298843	0.0000000000	-1.2774599791
-2.2215410796	7.6463242216	20.9645513005	4.3968906403	1.2774599791	0.0000000000
0.0000000000	1.7390298843	4.3968906403	1.0000000000	0.0000000000	0.0000000000
-1.7390298843	0.0000000000	1.2774599791	0.0000000000	1.0000000000	0.0000000000
-4.3968906403	-1.2774599791	0.0000000000	0.0000000000	0.0000000000	1.0000000000
1	29	32
5.1853667406	1.8682507303	-2.1299381806	0.0000000000	-1.7119070292	-1.5015795231
1.8682507303	4.4786352668	2.5705645404	1.7119070292	0.0000000000	-1.2441903353
-2.1299381806	2.5705645404	3.8027506545	1.5015795231	1.2441903353	0.0000000000
0.0000000000	1.7119070292	1.5015795231	1.0000000000	0.0000000000	0.0000000000
-1.7119070292	0.0000000000	1.2441903353	0.0000000000	1.0000000000	0.0000000000
-1.5015795231	-1.2441903353	0.0000000000	0.0000000000	0.0000000000	1.0000000000
1	3	32
6.6347310611	2.5976484869	-0.8706059706	0.0000000000	-0.8185340762	-2.4422802925
2.5976484869	1.8012771089	1.9990896431	0.8185340762	0.0000000000	-1.0636160374
-0.8706059706	1.9990896431	7.0960121021	2.4422802925	1.0636160374	0.0000000000
0.0000000000	0.8185340762	2.4422802925	1.0000000000	0.0000000000	0.0000000000
-0.8185340762	0.0000000000	1.0636160374	0.0000000000	1.0000000000	0.0000000000
-2.4422802925	-1.0636160374	0.0000000000	0.0000000000	0.0000000000	1.0000000000
1	30	32
5.3577109428	-3.4965974539	0.3408510357	0.0000000000	0.2245716453	2.3037531376
-3.4965974539	2.3540977979	0.5173576324	-0.2245716453	0.0000000000	-1.5177830458
0.3408510357	0.5173576324	7.6109438930	-2.3037531376	1.5177830458	0.0000000000
0.0000000000	-0.2245716453	-2.3037531376	1.0000000000	0.0000000000	0.0000000000
0.2245716453	0.0000000000	1.5177830458	0.0000000000	1.0000000000	0.0000000000
2.3037531376	-1.5177830458	0.0000000000	0.0000000000	0.0000000000	1.0000000000
1	4	32
1.0346520540	-0.6735128426	-0.1880351345	0.0000000000	-0.2735218704	0.9797131419
-0.6735128426	0.5474144071	-0.2679729710	0.2735218704	0.0000000000	-0.6874592304
-0.1880351345	-0.2679729710	1.4324380339	-0.9797131419	0.6874592304	0.0000000000
0.0000000000	0.2735218704	-0.9797131419	1.0000000000	0.0000000000	0.0000000000
-0.2735218704	0.0000000000	0.6874592304	0.0000000000	1.0000000000	0.0000000000
0.9797131419	-0.6874592304	0.0000000000	0.0000000000	0.0000000000	1.0000000000
1	5	32
2.9188190630	-1.5987926190	-0.1447421727	0.0000000000	0.1540401876	-1.7014966011
-1.5987926190	0.9066498896	-0.2620988556	-0.1540401876	0.0000000000	0.9396390319
-0.1447421727	-0.2620988556	3.7780121938	1.7014966011	-0.9396390319	0.0000000000
0.0000000000	-0.1540401876	1.7014966011	1.0000000000	0.0000000000	0.0000000000
0.1540401876	0.0000000000	-0.9396390319	0.0000000000	1.0000000000	0.0000000000
-1.7014966011	0.9396390319	0.0000000000	0.0000000000	0.0000000000	1.0000000000
10	11	32
6.4050398401	-0.2940357908	-0.0276848617	0.0000000000	-0.2372392416	2.5196740627
-0.2940357908	0.0699004055	-0.5977655637	0.2372392416	0.0000000000	-0.1166959628
-0.0276848617	-0.5977655637	6.3623753301	-2.5196740627	0.1166959628	0.0000000000
0.0000000000	0.2372392416	-2.5196740627	1.0000000000	0.0000000000	0.0000000000
-0.2372392416	0.0000000000	0.1166959628	0.0000000000	1.0000000000	0.0000000000
2.5196740627	-0.1166959628	0.0000000000	0.0000000000	0.0000000000	1.0000000000
10	12	32
8.5098893597	-7.3465456712	-0.5520241051	0.0000000000	-0.2185819149	2.9089708328
-7.3465456712	6.4258238327	-0.6358484150	0.2185819149	0.0000000000	-2.5254793167
-0.5520241051	-0.6358484150	14.8401570854	-2.9089708328	2.5254793167	0.0000000000
0.0000000000	0.2185819149	-2.9089708328	1.0000000000	0.0000000000	0.0000000000
-0.2185819149	0.0000000000	2.5254793167	0.0000000000	1.0000000000	0.0000000000
2.9089708328	-2.5254793167	0.0000000000	0.0000000000	0.0000000000	1.0000000000
10	27	32
58.0564644316	11.5991482231	-0.9821241872	0.0000000000	-0.6428569555	-7.5923118591
11.5991482231	2.7472826247	4.8807704872	0.6428569555	0.0000000000	-1.5277491808
-0.9821241872	4.8807704872	59.9772169257	7.5923118591	1.5277491808	0.0000000000
0.0000000000	0.6428569555	7.5923118591	1.0000000000	0.0000000000	0.0000000000
-0.6428569555	0.0000000000	1.5277491808	0.0000000000	1.0000000000	0.0000000000
-7.5923118591	-1.5277491808	0.0000000000	0.0000000000	0.0000000000	1.0000000000
10	28	32
22.0601721176	5.4069645723	-1.3238078203	0.0000000000	-1.1169519424	-4.5620818138
5.4069645723	2.6522729953	5.0956261435	1.1169519424	0.0000000000	-1.1851967573
-1.3238078203	5.0956261435	22.2172818295	4.5620818138	1.1851967573	0.0000000000
0.0000000000	1.1169519424	4.5620818138	1.0000000000	0.0000000000	0.0000000000
-1.1169519424	0.0000000000	1.1851967573	0.0000000000	1.0000000000	0.0000000000
-4.5620818138	-1.1851967573	0.0000000000	0.0000000000	0.0000000000	1.0000000000
11	12	32
2.7107095688	1.5288116244	-0.2011973567	0.0000000000	0.2148231566	1.6323481798
1.5288116244	0.9233161284	0.3506661887	-0.2148231566	0.0000000000	0.9365720153
-0.2011973567	0.3506661887	3.5417277200	-1.6323481798	-0.9365720153	0.0000000000
0.0000000000	-0.2148231566	-1.6323481798	1.0000000000	0.0000000000	0.0000000000
0.2148231566	0.0000000000	-0.9365720153	0.0000000000	1.0000000000	0.0000000000
1.6323481798	0.9365720153	0.0000000000	0.0000000000	0.0000000000	1.0000000000
11	13	32
9.5754399409	-5.8913138153	-0.0828566713	0.0000000000	-0.0435162783	3.0941147804
-5.8913138153	3.6272564605	-0.1346443598	0.0435162783	0.0000000000	-1.9040385485
-0.0828566713	-0.1346443598	13.1989090685	-3.0941147804	1.9040385485	0.0000000000
0.0000000000	0.0435162783	-3.0941147804	1.0000000000	0.0000000000	0.0000000000
-0.0435162783	0.0000000000	1.9040385485	0.0000000000	1.0000000000	0.0000000000
3.0941147804	-1.9040385485	0.0000000000	0.0000000000	0.0000000000	1.0000000000
11	28	32
2.1298591310	-1.2455818348	0.2339831511	0.0000000000	-0.2694369853	-1.4343161583
-1.2455818348	0.8267411049	0.3864578216	0.2694369853	0.0000000000	0.8684151173
0.2339831511	0.3864578216	2.8114076578	1.4343161583	-0.8684151173	0.0000000000
0.0000000000	0.2694369853	1.4343161583	1.0000000000	0.0000000000	0.0000000000
-0.2694369853	0.0000000000	-0.8684151173	0.0000000000	1.0000000000	0.0000000000
-1.4343161583	0.8684151173	0.0000000000	0.0000000000	0.0000000000	1.0000000000
12	13	32
10.7185571557	-6.7189136205	-6.3732114426	0.0000000000	-2.2530975342	2.3753123283
-6.7189136205	13.0776769368	-5.3518103499	2.2530975342	0.0000000000	-2.8286442757
-6.3732114426	-5.3518103499	13.6433370954	-2.3753123283	2.8286442757	0.0000000000
0.0000000000	2.2530975342	-2.3753123283	1.0000000000	0.0000000000	0.0000000000
-2.2530975342	0.0000000000	2.8286442757	0.0000000000	1.0000000000	0.0000000000
2.3753123283	-2.8286442757	0.0000000000	0.0000000000	0.0000000000	1.0000000000
12	14	32
19.6578082632	5.0766101348	1.0519431397	0.0000000000	-0.8996153474	4.3414859772
5.0766101348	2.1766298302	-3.9056674155	0.8996153474	0.0000000000	1.1693254709
1.0519431397	-3.9056674155	20.2158225469	-4.3414859772	-1.1693254709	0.0000000000
0.0000000000	0.8996153474	-4.3414859772	1.0000000000	0.0000000000	0.0000000000
-0.8996153474	0.0000000000	-1.1693254709	0.0000000000	1.0000000000	0.0000000000
4.3414859772	1.1693254709	0.0000000000	0.0000000000	0.0000000000	1.0000000000
13	14	32
5.7027465629	1.5923053576	0.0745093698	0.0000000000	-0.1116224676	2.3854322433
1.5923053576	0.4580322428	-0.2662678334	0.1116224676	0.0000000000	0.6675122976
0.0745093698	-0.2662678334	6.1358596551	-2.3854322433	-0.6675122976	0.0000000000
0.0000000000	0.1116224676	-2.3854322433	1.0000000000	0.0000000000	0.0000000000
-0.1116224676	0.0000000000	-0.6675122976	0.0000000000	1.0000000000	0.0000000000
2.3854322433	0.6675122976	0.0000000000	0.0000000000	0.0000000000	1.0000000000
13	15	32
1.3341435576	0.1702668191	-0.0401361214	0.0000000000	-0.2650110126	-1.1242387295
0.1702668191	0.0931681719	0.2979356441	0.2650110126	0.0000000000	-0.1514507681
-0.0401361214	0.2979356441	1.2868500560	1.1242387295	0.1514507681	0.0000000000
0.0000000000	0.2650110126	1.1242387295	1.0000000000	0.0000000000	0.0000000000
-0.2650110126	0.0000000000	0.1514507681	0.0000000000	1.0000000000	0.0000000000
-1.1242387295	-0.1514507681	0.0000000000	0.0000000000	0.0000000000	1.0000000000
14	15	32
19.4625779788	-5.1698253074	-0.3493043592	0.0000000000	-0.2973988354	4.4016056061
-5.1698253074	1.4679707774	-1.3090323812	0.2973988354	0.0000000000	-1.1745316982
-0.3493043592	-1.3090323812	20.7536566216	-4.4016056061	1.1745316982	0.0000000000
0.0000000000	0.2973988354	-4.4016056061	1.0000000000	0.0000000000	0.0000000000
-0.2973988354	0.0000000000	1.1745316982	0.0000000000	1.0000000000	0.0000000000
4.4016056061	-1.1745316982	0.0000000000	0.0000000000	0.0000000000	1.0000000000
14	16	32
1.4885610310	1.1934818138	-0.2192044586	0.0000000000	0.2204004675	1.1999936104
1.1934818138	1.0377527611	0.2644791527	-0.2204004675	0.0000000000	0.9945734739
-0.2192044586	0.2644791527	2.4291610600	-1.1999936104	-0.9945734739	0.0000000000
0.0000000000	-0.2204004675	-1.1999936104	1.0000000000	0.0000000000	0.0000000000
0.2204004675	0.0000000000	-0.9945734739	0.0000000000	1.0000000000	0.0000000000
1.1999936104	0.9945734739	0.0000000000	0.0000000000	0.0000000000	1.0000000000
15	16	32
6.4720255821	3.8267385845	-0.1458367227	0.0000000000	0.0968819931	2.5421721935
3.8267385845	2.2753222417	0.2462907090	-0.0968819931	0.0000000000	1.5053026676
-0.1458367227	0.2462907090	8.7285755827	-2.5421721935	-1.5053026676	0.0000000000
0.0000000000	-0.0968819931	-2.5421721935	1.0000000000	0.0000000000	0.0000000000
0.0968819931	0.0000000000	-1.5053026676	0.0000000000	1.0000000000	0.0000000000
2.5421721935	1.5053026676	0.0000000000	0.0000000000	0.0000000000	1.0000000000
15	17	32
20.0812144875	-0.2174794130	-0.0122152008	0.0000000000	-0.2513005733	4.4741549492
-0.2174794130	0.0655147091	-1.1243577040	0.2513005733	0.0000000000	-0.0486079305
-0.0122152008	-1.1243577040	20.0204252403	-4.4741549492	0.0486079305	0.0000000000
0.0000000000	0.2513005733	-4.4741549492	1.0000000000	0.0000000000	0.0000000000
-0.2513005733	0.0000000000	0.0486079305	0.0000000000	1.0000000000	0.0000000000
4.4741549492	-0.0486079305	0.0000000000	0.0000000000	0.0000000000	1.0000000000
15	18	32
9.4237579791	6.8190642439	-0.8650775973	0.0000000000	0.3863451183	3.0454056263
6.8190642439	5.1629732714	1.1765775969	-0.3863451183	0.0000000000	2.2391316891
-0.8650775973	1.1765775969	14.2882061497	-3.0454056263	-2.2391316891	0.0000000000
0.0000000000	-0.3863451183	-3.0454056263	1.0000000000	0.0000000000	0.0000000000
0.3863451183	0.0000000000	-2.2391316891	0.0000000000	1.0000000000	0.0000000000
3.0454056263	2.2391316891	0.0000000000	0.0000000000	0.0000000000	1.0000000000
16	17	32
27.7926463565	-7.2401939090	1.4628313180	0.0000000000	-1.0440490246	-5.1674566269
-7.2401939090	3.0531577681	5.3950780509	1.0440490246	0.0000000000	1.4011136293
1.4628313180	5.3950780509	28.6657273931	5.1674566269	-1.4011136293	0.0000000000
0.0000000000	1.0440490246	5.1674566269	1.0000000000	0.0000000000	0.0000000000
-1.0440490246	0.0000000000	-1.4011136293	0.0000000000	1.0000000000	0.0000000000
-5.1674566269	1.4011136293	0.0000000000	0.0000000000	0.0000000000	1.0000000000
16	18	32
1.0607299819	0.3975980876	-0.4106073786	0.0000000000	-0.7398882508	-0.7164463401
0.3975980876	0.8554137175	0.5300902294	0.7398882508	0.0000000000	-0.5549586415
-0.4106073786	0.5300902294	0.8212744520	0.7164463401	0.5549586415	0.0000000000
0.0000000000	0.7398882508	0.7164463401	1.0000000000	0.0000000000	0.0000000000
-0.7398882508	0.0000000000	0.5549586415	0.0000000000	1.0000000000	0.0000000000
-0.7164463401	-0.5549586415	0.0000000000	0.0000000000	0.0000000000	1.0000000000
16	19	32
1.7670669094	-1.1876244204	0.1425633790	0.0000000000	0.1584340930	1.3198354244
-1.1876244204	0.8347911780	0.2091069284	-0.1584340930	0.0000000000	-0.8998276591
0.1425633790	0.2091069284	2.5516553637	-1.3198354244	0.8998276591	0.0000000000
0.0000000000	-0.1584340930	-1.3198354244	1.0000000000	0.0000000000	0.0000000000
0.1584340930	0.0000000000	0.8998276591	0.0000000000	1.0000000000	0.0000000000
1.3198354244	-0.8998276591	0.0000000000	0.0000000000	0.0000000000	1.0000000000
17	18	32
16.1712557269	-0.7694407952	-0.0336959123	0.0000000000	-0.1759372652	4.0174994469
-0.7694407952	0.0676347185	-0.7068278655	0.1759372652	0.0000000000	-0.1915223151
-0.0336959123	-0.7068278655	16.1769826028	-4.0174994469	0.1915223151	0.0000000000
0.0000000000	0.1759372652	-4.0174994469	1.0000000000	0.0000000000	0.0000000000
-0.1759372652	0.0000000000	0.1915223151	0.0000000000	1.0000000000	0.0000000000
4.0174994469	-0.1915223151	0.0000000000	0.0000000000	0.0000000000	1.0000000000
17	19	32
118.8748295447	3.0512703353	0.0918854661	0.0000000000	-0.3281816244	10.8980331421
3.0512703353	0.1860939837	-3.5765342195	0.3281816244	0.0000000000	0.2799835801
0.0918854661	-3.5765342195	118.8455171712	-10.8980331421	-0.2799835801	0.0000000000
0.0000000000	0.3281816244	-10.8980331421	1.0000000000	0.0000000000	0.0000000000
-0.3281816244	0.0000000000	-0.2799835801	0.0000000000	1.0000000000	0.0000000000
10.8980331421	0.2799835801	0.0000000000	0.0000000000	0.0000000000	1.0000000000
18	19	32
90.6026631182	31.5898100208	7.2225416029	0.0000000000	-2.1215295792	9.2791042328
31.5898100208	16.0908473460	-19.6858940980	2.1215295792	0.0000000000	3.4044029713
7.2225416029	-19.6858940980	97.6917349537	-9.2791042328	-3.4044029713	0.0000000000
0.0000000000	2.1215295792	-9.2791042328	1.0000000000	0.0000000000	0.0000000000
-2.1215295792	0.0000000000	-3.4044029713	0.0000000000	1.0000000000	0.0000000000
9.2791042328	3.4044029713	0.0000000000	0.0000000000	0.0000000000	1.0000000000
18	20	32
12.9741867849	2.1507224181	-0.0057258862	0.0000000000	0.0095895203	3.6019570827
2.1507224181	0.3566183279	0.0345410405	-0.0095895203	0.0000000000	0.5970982909
-0.0057258862	0.0345410405	13.3306211950	-3.6019570827	-0.5970982909	0.0000000000
0.0000000000	-0.0095895203	-3.6019570827	1.0000000000	0.0000000000	0.0000000000
0.0095895203	0.0000000000	-0.5970982909	0.0000000000	1.0000000000	0.0000000000
3.6019570827	0.5970982909	0.0000000000	0.0000000000	0.0000000000	1.0000000000
18	21	32
75.1127328818	47.9553314086	20.5462744210	0.0000000000	-3.4131605625	7.9663710594
47.9553314086	47.8867063188	-27.1905035264	3.4131605625	0.0000000000	6.0197210312
20.5462744210	-27.1905035264	99.7001091497	-7.9663710594	-6.0197210312	0.0000000000
0.0000000000	3.4131605625	-7.9663710594	1.0000000000	0.0000000000	0.0000000000
-3.4131605625	0.0000000000	-6.0197210312	0.0000000000	1.0000000000	0.0000000000
7.9663710594	6.0197210312	0.0000000000	0.0000000000	0.0000000000	1.0000000000
19	20	32
0.5280352798	-0.0529194990	0.0119754882	0.0000000000	-0.1603851765	-0.7087396383
-0.0529194990	0.0312985734	0.1136713320	0.1603851765	0.0000000000	0.0746670514
0.0119754882	0.1136713320	0.5078870435	0.7087396383	-0.0746670514	0.0000000000
0.0000000000	0.1603851765	0.7087396383	1.0000000000	0.0000000000	0.0000000000
-0.1603851765	0.0000000000	-0.0746670514	0.0000000000	1.0000000000	0.0000000000
-0.7087396383	0.0746670514	0.0000000000	0.0000000000	0.0000000000	1.0000000000
19	21	32
0.9422015355	1.3061554699	0.2641239432	0.0000000000	0.1923898757	-0.9514135122
1.3061554699	1.9217524282	-0.1830423273	-0.1923898757	0.0000000000	-1.3728578091
0.2641239432	-0.1830423273	2.7899262352	0.9514135122	1.3728578091	0.0000000000
0.0000000000	-0.1923898757	0.9514135122	1.0000000000	0.0000000000	0.0000000000
0.1923898757	0.0000000000	1.3728578091	0.0000000000	1.0000000000	0.0000000000
-0.9514135122	-1.3728578091	0.0000000000	0.0000000000	0.0000000000	1.0000000000
2	22	32
14.0855979371	4.7348068428	0.3131868971	0.0000000000	0.2477085292	-3.7448949814
4.7348068428	1.6599059153	-0.9276424280	-0.2477085292	0.0000000000	-1.2643363476
0.3131868971	-0.9276424280	15.6227848214	3.7448949814	1.2643363476	0.0000000000
0.0000000000	-0.2477085292	3.7448949814	1.0000000000	0.0000000000	0.0000000000
0.2477085292	0.0000000000	1.2643363476	0.0000000000	1.0000000000	0.0000000000
-3.7448949814	-1.2643363476	0.0000000000	0.0000000000	0.0000000000	1.0000000000
2	23	32
1.9576352407	0.4466080591	-0.1824005595	0.0000000000	-0.5290138721	-1.2952913046
0.4466080591	0.3987382541	0.6852270686	0.5290138721	0.0000000000	-0.3447935283
-0.1824005595	0.6852270686	1.7966621409	1.2952913046	0.3447935283	0.0000000000
0.0000000000	0.5290138721	1.2952913046	1.0000000000	0.0000000000	0.0000000000
-0.5290138721	0.0000000000	0.3447935283	0.0000000000	1.0000000000	0.0000000000
-1.2952913046	-0.3447935283	0.0000000000	0.0000000000	0.0000000000	1.0000000000
2	24	32
2.1171858246	0.5023365727	-0.1630677125	0.0000000000	-0.4492596686	-1.3839622736
0.5023365727	0.3335813586	0.6217584324	0.4492596686	0.0000000000	-0.3629698455
-0.1630677125	0.6217584324	2.0470986835	1.3839622736	0.3629698455	0.0000000000
0.0000000000	0.4492596686	1.3839622736	1.0000000000	0.0000000000	0.0000000000
-0.4492596686	0.0000000000	0.3629698455	0.0000000000	1.0000000000	0.0000000000
-1.3839622736	-0.3629698455	0.0000000000	0.0000000000	0.0000000000	1.0000000000
2	25	32
1.8871349335	-0.8800158028	0.0538692268	0.0000000000	0.0839343220	1.3711637259
-0.8800158028	0.4189549472	0.1150876977	-0.0839343220	0.0000000000	-0.6418021321
0.0538692268	0.1150876977	2.2919999399	-1.3711637259	0.6418021321	0.0000000000
0.0000000000	-0.0839343220	-1.3711637259	1.0000000000	0.0000000000	0.0000000000
0.0839343220	0.0000000000	0.6418021321	0.0000000000	1.0000000000	0.0000000000
1.3711637259	-0.6418021321	0.0000000000	0.0000000000	0.0000000000	1.0000000000
2	26	32
1.4546813389	-0.6648840718	-0.1307788686	0.0000000000	0.2327731550	-1.1834263802
-0.6648840718	0.3698359379	-0.2754698922	-0.2327731550	0.0000000000	0.5618296862
-0.1307788686	-0.2754698922	1.7161505935	1.1834263802	-0.5618296862	0.0000000000
0.0000000000	-0.2327731550	1.1834263802	1.0000000000	0.0000000000	0.0000000000
0.2327731550	0.0000000000	-0.5618296862	0.0000000000	1.0000000000	0.0000000000
-1.1834263802	0.5618296862	0.0000000000	0.0000000000	0.0000000000	1.0000000000
2	27	32
6.9910889850	2.6111473823	-4.7984885549	0.0000000000	-2.3224768639	-1.2637999058
2.6111473823	9.6627019879	2.9351460417	2.3224768639	0.0000000000	-2.0661082268
-4.7984885549	2.9351460417	5.8659934066	1.2637999058	2.0661082268	0.0000000000
0.0000000000	2.3224768639	1.2637999058	1.0000000000	0.0000000000	0.0000000000
-2.3224768639	0.0000000000	2.0661082268	0.0000000000	1.0000000000	0.0000000000
-1.2637999058	-2.0661082268	0.0000000000	0.0000000000	0.0000000000	1.0000000000
2	28	32
4.0018623609	2.5120836235	-2.6307601159	0.0000000000	-1.4467996359	-1.3815329075
2.5120836235	5.3995555230	1.9988013075	1.4467996359	0.0000000000	-1.8183306456
-2.6307601159	1.9988013075	5.2149595111	1.3815329075	1.8183306456	0.0000000000
0.0000000000	1.4467996359	1.3815329075	1.0000000000	0.0000000000	0.0000000000
-1.4467996359	0.0000000000	1.8183306456	0.0000000000	1.0000000000	0.0000000000
-1.3815329075	-1.8183306456	0.0000000000	0.0000000000	0.0000000000	1.0000000000
2	29	32
1.6083859248	0.7541596166	-0.0688215280	0.0000000000	0.1152538210	1.2629736662
0.7541596166	0.3698478232	0.1455625409	-0.1152538210	0.0000000000	0.5971301198
-0.0688215280	0.1455625409	1.9516668615	-1.2629736662	-0.5971301198	0.0000000000
0.0000000000	-0.1152538210	-1.2629736662	1.0000000000	0.0000000000	0.0000000000
0.1152538210	0.0000000000	-0.5971301198	0.0000000000	1.0000000000	0.0000000000
1.2629736662	0.5971301198	0.0000000000	0.0000000000	0.0000000000	1.0000000000
2	3	32
87.4438410579	-11.1341923724	-2.0499813516	0.0000000000	-1.6932333708	9.1965646744
-11.1341923724	4.3328104421	-15.5719302032	1.6932333708	0.0000000000	-1.2106903791
-2.0499813516	-15.5719302032	86.0425730042	-9.1965646744	1.2106903791	0.0000000000
0.0000000000	1.6932333708	-9.1965646744	1.0000000000	0.0000000000	0.0000000000
-1.6932333708	0.0000000000	1.2106903791	0.0000000000	1.0000000000	0.0000000000
9.1965646744	-1.2106903791	0.0000000000	0.0000000000	0.0000000000	1.0000000000
2	30	32
21.5993991169	26.8803417878	-14.8745350819	0.0000000000	-2.2502107620	-4.0664420128
26.8803417878	48.7593199847	9.1503515803	2.2502107620	0.0000000000	-6.6102852821
-14.8745350819	9.1503515803	60.2318221546	4.0664420128	6.6102852821	0.0000000000
0.0000000000	2.2502107620	4.0664420128	1.0000000000	0.0000000000	0.0000000000
-2.2502107620	0.0000000000	6.6102852821	0.0000000000	1.0000000000	0.0000000000
-4.0664420128	-6.6102852821	0.0000000000	0.0000000000	0.0000000000	1.0000000000
2	31	32
10.4316691859	3.8753908168	-4.0881264603	0.0000000000	-2.3439934254	-2.2220180035
3.8753908168	8.5361416641	5.2083955912	2.3439934254	0.0000000000	-1.7440861464
-4.0881264603	5.2083955912	7.9792004936	2.2220180035	1.7440861464	0.0000000000
0.0000000000	2.3439934254	2.2220180035	1.0000000000	0.0000000000	0.0000000000
-2.3439934254	0.0000000000	1.7440861464	0.0000000000	1.0000000000	0.0000000000
-2.2220180035	-1.7440861464	0.0000000000	0.0000000000	0.0000000000	1.0000000000
2	4	32
24.5459932082	9.1421343626	-0.5980117016	0.0000000000	0.3233889937	4.9438257217
9.1421343626	3.5241299370	1.5987788254	-0.3233889937	0.0000000000	1.8492023945
-0.5980117016	1.5987788254	27.8609622627	-4.9438257217	-1.8492023945	0.0000000000
0.0000000000	-0.3233889937	-4.9438257217	1.0000000000	0.0000000000	0.0000000000
0.3233889937	0.0000000000	-1.8492023945	0.0000000000	1.0000000000	0.0000000000
4.9438257217	1.8492023945	0.0000000000	0.0000000000	0.0000000000	1.0000000000
2	5	32
1.2618986504	-0.2347828449	-0.1393838520	0.0000000000	-0.5734537840	0.9659448266
-0.2347828449	0.3879275546	-0.5539247159	0.5734537840	0.0000000000	-0.2430603057
-0.1393838520	-0.5539247159	0.9921277203	-0.9659448266	0.2430603057	0.0000000000
0.0000000000	0.5734537840	-0.9659448266	1.0000000000	0.0000000000	0.0000000000
-0.5734537840	0.0000000000	0.2430603057	0.0000000000	1.0000000000	0.0000000000
0.9659448266	-0.2430603057	0.0000000000	0.0000000000	0.0000000000	1.0000000000
2	6	32
3.2906700634	6.0435235352	-1.9237047942	0.0000000000	-0.5502164364	-1.7285635471
6.0435235352	12.5266366281	0.9510840750	0.5502164364	0.0000000000	-3.4962692261
-1.9237047942	0.9510840750	15.2118304377	1.7285635471	3.4962692261	0.0000000000
0.0000000000	0.5502164364	1.7285635471	1.0000000000	0.0000000000	0.0000000000
-0.5502164364	0.0000000000	3.4962692261	0.0000000000	1.0000000000	0.0000000000
-1.7285635471	-3.4962692261	0.0000000000	0.0000000000	0.0000000000	1.0000000000
20	21	32
3.3483618681	1.6579946869	-0.0830485929	0.0000000000	0.0915421695	1.8275617361
1.6579946869	0.8314222680	0.1672989661	-0.0915421695	0.0000000000	0.9072167873
-0.0830485929	0.1672989661	4.1630241985	-1.8275617361	-0.9072167873	0.0000000000
0.0000000000	-0.0915421695	-1.8275617361	1.0000000000	0.0000000000	0.0000000000
0.0915421695	0.0000000000	-0.9072167873	0.0000000000	1.0000000000	0.0000000000
1.8275617361	0.9072167873	0.0000000000	0.0000000000	0.0000000000	1.0000000000
20	22	32
4.0949255418	0.6622235458	-1.2703626410	0.0000000000	-1.7944188118	-0.9354072213
0.6622235458	3.7211351072	1.6785123146	1.7944188118	0.0000000000	-0.7079521418
-1.2703626410	1.6785123146	1.3761829047	0.9354072213	0.7079521418	0.0000000000
0.0000000000	1.7944188118	0.9354072213	1.0000000000	0.0000000000	0.0000000000
-1.7944188118	0.0000000000	0.7079521418	0.0000000000	1.0000000000	0.0000000000
-0.9354072213	-0.7079521418	0.0000000000	0.0000000000	0.0000000000	1.0000000000
20	23	32
2.0712696175	0.3871143337	-0.0909774477	0.0000000000	-0.3292599320	-1.4010201693
0.3871143337	0.1847587078	0.4612998057	0.3292599320	0.0000000000	-0.2763088942
-0.0909774477	0.4612998057	2.0392041197	1.4010201693	0.2763088942	0.0000000000
0.0000000000	0.3292599320	1.4010201693	1.0000000000	0.0000000000	0.0000000000
-0.3292599320	0.0000000000	0.2763088942	0.0000000000	1.0000000000	0.0000000000
-1.4010201693	-0.2763088942	0.0000000000	0.0000000000	0.0000000000	1.0000000000
21	22	32
53.7400011935	-24.6492005150	-20.3028091622	0.0000000000	-4.6606898308	5.6584424973
-24.6492005150	40.6983438643	-26.3722454050	4.6606898308	0.0000000000	-4.3561811447
-20.3028091622	-26.3722454050	50.9942856603	-5.6584424973	4.3561811447	0.0000000000
0.0000000000	4.6606898308	-5.6584424973	1.0000000000	0.0000000000	0.0000000000
-4.6606898308	0.0000000000	4.3561811447	0.0000000000	1.0000000000	0.0000000000
5.6584424973	-4.3561811447	0.0000000000	0.0000000000	0.0000000000	1.0000000000
21	23	32
3.0511267274	1.1790842866	0.0088293558	0.0000000000	0.0130798304	-1.7466984987
1.1790842866	0.4558446205	-0.0228465202	-0.0130798304	0.0000000000	-0.6750359535
0.0088293558	-0.0228465202	3.5066291840	1.7466984987	0.6750359535	0.0000000000
0.0000000000	-0.0130798304	1.7466984987	1.0000000000	0.0000000000	0.0000000000
0.0130798304	0.0000000000	0.6750359535	0.0000000000	1.0000000000	0.0000000000
-1.7466984987	-0.6750359535	0.0000000000	0.0000000000	0.0000000000	1.0000000000
21	24	32
0.0712725047	-0.1475105911	0.0846480533	0.0000000000	0.1328751594	0.2315527946
-0.1475105911	0.4234878686	0.0307676145	-0.1328751594	0.0000000000	-0.6370494962
0.0846480533	0.0307676145	0.4594487573	-0.2315527946	0.6370494962	0.0000000000
0.0000000000	-0.1328751594	-0.2315527946	1.0000000000	0.0000000000	0.0000000000
0.1328751594	0.0000000000	0.6370494962	0.0000000000	1.0000000000	0.0000000000
0.2315527946	-0.6370494962	0.0000000000	0.0000000000	0.0000000000	1.0000000000
21	25	32
5.6911725575	-4.6972296819	0.0085351015	0.0000000000	0.0043347799	2.3856139183
-4.6972296819	3.8769069551	0.0103411113	-0.0043347799	0.0000000000	-1.9689815044
0.0085351015	0.0103411113	9.5680419320	-2.3856139183	1.9689815044	0.0000000000
0.0000000000	-0.0043347799	-2.3856139183	1.0000000000	0.0000000000	0.0000000000
0.0043347799	0.0000000000	1.9689815044	0.0000000000	1.0000000000	0.0000000000
2.3856139183	-1.9689815044	0.0000000000	0.0000000000	0.0000000000	1.0000000000
21	26	32
14.3953186941	1.4314049898	-0.0336607528	0.0000000000	0.0891973376	3.7930676937
1.4314049898	0.1503672734	0.3383315397	-0.0891973376	0.0000000000	0.3773739636
-0.0336607528	0.3383315397	14.5297736375	-3.7930676937	-0.3773739636	0.0000000000
0.0000000000	-0.0891973376	-3.7930676937	1.0000000000	0.0000000000	0.0000000000
0.0891973376	0.0000000000	-0.3773739636	0.0000000000	1.0000000000	0.0000000000
3.7930676937	0.3773739636	0.0000000000	0.0000000000	0.0000000000	1.0000000000
21	27	32
2.9882677030	1.2673726190	0.1040113373	0.0000000000	0.1413931847	-1.7228684425
1.2673726190	0.5611255169	-0.2436018558	-0.1413931847	0.0000000000	-0.7356177568
0.1040113373	-0.2436018558	3.5094091545	1.7228684425	0.7356177568	0.0000000000
0.0000000000	-0.1413931847	1.7228684425	1.0000000000	0.0000000000	0.0000000000
0.1413931847	0.0000000000	0.7356177568	0.0000000000	1.0000000000	0.0000000000
-1.7228684425	-0.7356177568	0.0000000000	0.0000000000	0.0000000000	1.0000000000
22	23	32
51.4035075153	-15.6827576363	1.4935744553	0.0000000000	-0.6797358394	-7.1373291016
-15.6827576363	5.2901092395	4.8514983877	0.6797358394	0.0000000000	2.1972866058
1.4935744553	4.8514983877	55.7695351322	7.1373291016	-2.1972866058	0.0000000000
0.0000000000	0.6797358394	7.1373291016	1.0000000000	0.0000000000	0.0000000000
-0.6797358394	0.0000000000	-2.1972866058	0.0000000000	1.0000000000	0.0000000000
-7.1373291016	2.1972866058	0.0000000000	0.0000000000	0.0000000000	1.0000000000
22	24	32
2.9856158714	1.1087536292	-0.0548815938	0.0000000000	-0.0854234770	-1.7257806063
1.1087536292	0.4200584407	0.1474221799	0.0854234770	0.0000000000	-0.6424649954
-0.0548815938	0.1474221799	3.3910799713	1.7257806063	0.6424649954	0.0000000000
0.0000000000	0.0854234770	1.7257806063	1.0000000000	0.0000000000	0.0000000000
-0.0854234770	0.0000000000	0.6424649954	0.0000000000	1.0000000000	0.0000000000
-1.7257806063	-0.6424649954	0.0000000000	0.0000000000	0.0000000000	1.0000000000
22	25	32
15.7189488741	7.3229863236	1.7791464629	0.0000000000	-0.9360128641	3.8526391983
7.3229863236	4.4890519188	-3.6061198504	0.9360128641	0.0000000000	1.9007713795
1.7791464629	-3.6061198504	18.4557606293	-3.8526391983	-1.9007713795	0.0000000000
0.0000000000	0.9360128641	-3.8526391983	1.0000000000	0.0000000000	0.0000000000
-0.9360128641	0.0000000000	-1.9007713795	0.0000000000	1.0000000000	0.0000000000
3.8526391983	1.9007713795	0.0000000000	0.0000000000	0.0000000000	1.0000000000
22	26	32
26.7343293386	-7.9079707930	-8.2431065185	0.0000000000	-3.7311747074	3.5794782639
-7.9079707930	18.8024606763	-13.3556587638	3.7311747074	0.0000000000	-2.2092523575
-8.2431065185	-13.3556587638	17.6934606205	-3.5794782639	2.2092523575	0.0000000000
0.0000000000	3.7311747074	-3.5794782639	1.0000000000	0.0000000000	0.0000000000
-3.7311747074	0.0000000000	2.2092523575	0.0000000000	1.0000000000	0.0000000000
3.5794782639	-2.2092523575	0.0000000000	0.0000000000	0.0000000000	1.0000000000
22	27	32
40.7785909299	-6.1880742733	-2.1762077041	0.0000000000	-2.1185569763	6.0241436958
