0	 1	 32	
0.9994700000	-0.0317550000	-0.0072210000	0.7565390000
0.0317680000	0.9994940000	0.0016100000	0.0817570000
0.0071660000	-0.0018380000	0.9999720000	0.0141140000
0.0000000000	0.0000000000	0.0000000000	1.0000000000
0	 2	 32	
0.9995330000	0.0301980000	-0.0047460000	1.2569250000
-0.0301930000	0.9995430000	0.0011430000	0.1599440000
0.0047790000	-0.0009990000	0.9999880000	0.0226870000
0.0000000000	0.0000000000	0.0000000000	1.0000000000
0	 3	 32	
0.9991770000	0.0404000000	0.0038340000	1.8194890000
-0.0404240000	0.9991610000	0.0065440000	0.1940980000
-0.0035670000	-0.0066930000	0.9999710000	0.0312700000
0.0000000000	0.0000000000	0.0000000000	1.0000000000
0	 4	 32	
0.9996500000	0.0244480000	-0.0101180000	2.3236640000
-0.0243690000	0.9996720000	0.0078510000	0.2014050000
0.0103070000	-0.0076020000	0.9999180000	0.0396170000
0.0000000000	0.0000000000	0.0000000000	1.0000000000
0	 5	 32	
0.9998220000	0.0015730000	-0.0188010000	2.7480660000
-0.0015640000	0.9999980000	0.0005170000	0.1875850000
0.0188010000	-0.0004870000	0.9998230000	0.0511950000
0.0000000000	0.0000000000	0.0000000000	1.0000000000
0	 21	 32	
-0.9993840000	-0.0280750000	-0.0210550000	2.2129280000
0.0288730000	-0.9988390000	-0.0385520000	-3.2205890000
-0.0199480000	-0.0391360000	0.9990340000	0.0542320000
0.0000000000	0.0000000000	0.0000000000	1.0000000000
0	 22	 32	
-0.7043370000	-0.7092170000	-0.0303360000	1.9733920000
0.7095830000	-0.7046200000	-0.0018790000	-3.0798760000
-0.0200420000	-0.0228490000	0.9995380000	0.0497280000
0.0000000000	0.0000000000	0.0000000000	1.0000000000
0	 23	 32	
-0.4148970000	-0.9083610000	-0.0523510000	1.8132580000
0.9097370000	-0.4151300000	-0.0068710000	-2.8217640000
-0.0154910000	-0.0504750000	0.9986050000	0.0459160000
0.0000000000	0.0000000000	0.0000000000	1.0000000000
0	 24	 32	
-0.2443690000	-0.9694200000	-0.0225480000	1.6626740000
0.9670680000	-0.2453520000	0.0676920000	-2.4891250000
-0.0711540000	-0.0052630000	0.9974510000	0.0435830000
0.0000000000	0.0000000000	0.0000000000	1.0000000000
0	 25	 32	
-0.0153700000	-0.9981710000	-0.0584740000	1.6717950000
0.9977450000	-0.0191320000	0.0643350000	-2.0538010000
-0.0653360000	-0.0573540000	0.9962140000	0.0318230000
0.0000000000	0.0000000000	0.0000000000	1.0000000000
0	 26	 32	
0.0618840000	-0.9966280000	-0.0538850000	1.6805960000
0.9974730000	0.0598690000	0.0382400000	-1.6138320000
-0.0348850000	-0.0561150000	0.9978140000	0.0189240000
0.0000000000	0.0000000000	0.0000000000	1.0000000000
0	 27	 32	
-0.0076620000	-0.9998020000	-0.0183450000	1.7289430000
0.9986370000	-0.0085970000	0.0514850000	-1.1320800000
-0.0516320000	-0.0179260000	0.9985060000	0.0106580000
0.0000000000	0.0000000000	0.0000000000	1.0000000000
0	 28	 32	
-0.0520200000	-0.9983380000	-0.0248240000	1.7075040000
0.9977520000	-0.0530090000	0.0410040000	-0.6273360000
-0.0422520000	-0.0226350000	0.9988510000	-0.0114200000
0.0000000000	0.0000000000	0.0000000000	1.0000000000
0	 29	 32	
-0.0402350000	-0.9990390000	-0.0173800000	1.6251960000
0.9955770000	-0.0386050000	-0.0856580000	-0.2420640000
0.0849050000	-0.0207490000	0.9961730000	0.0133000000
0.0000000000	0.0000000000	0.0000000000	1.0000000000
0	 30	 32	
-0.0156580000	-0.9996940000	-0.0191140000	1.5329210000
0.9997770000	-0.0159250000	0.0138860000	0.1994130000
-0.0141870000	-0.0188920000	0.9997200000	0.0308180000
0.0000000000	0.0000000000	0.0000000000	1.0000000000
0	 31	 32	
-0.0226990000	-0.9994960000	-0.0221950000	1.5333890000
0.9994460000	-0.0232280000	0.0238190000	0.7910530000
-0.0243220000	-0.0216420000	0.9994700000	0.0280040000
0.0000000000	0.0000000000	0.0000000000	1.0000000000
1	 2	 32	
0.9980775216	0.0619276831	0.0024589655	0.5026656176
-0.0619272576	0.9980800792	-0.0005453882	0.0622416254
-0.0024871155	0.0003917084	0.9999973766	0.0050854407
0.0000000000	0.0000000000	0.0000000000	1.0000000000
1	 3	 32	
0.9973368891	0.0720713281	0.0112058649	1.0660774879
-0.0721264309	0.9973847708	0.0045804471	0.0784980161
-0.0108467882	-0.0053764205	0.9999271156	0.0096610386
0.0000000000	0.0000000000	0.0000000000	1.0000000000
1	 4	 32	
0.9984190876	0.0561375148	-0.0026975889	1.5702768021
-0.0561200837	0.9984037484	0.0063299370	0.0697756027
0.0030492655	-0.0061693881	0.9999769647	0.0143790466
0.0000000000	0.0000000000	0.0000000000	1.0000000000
1	 5	 32	
0.9993763215	0.0333360011	-0.0116096426	1.9940974658
-0.0333477023	0.9994429111	-0.0007244433	0.0424641779
0.0115785004	0.0011111214	0.9999328613	0.0228699871
0.0000000000	0.0000000000	0.0000000000	1.0000000000
1	 22	 32	
-0.6815651490	-0.7313882118	-0.0232166766	1.1160254595
0.7316274050	-0.6816998326	-0.0027524063	-3.1987404575
-0.0138135598	-0.0188613645	0.9997273041	0.0217378853
0.0000000000	0.0000000000	0.0000000000	1.0000000000
1	 23	 32	
-0.3858878062	-0.9214281345	-0.0453852595	0.9641486888
0.9224804181	-0.3859815995	-0.0070410657	-2.9356669143
-0.0110305178	-0.0445827285	0.9989452598	0.0194977006
0.0000000000	0.0000000000	0.0000000000	1.0000000000
1	 24	 32	
-0.2140279633	-0.9767373200	-0.0132376775	0.8241949759
0.9744695300	-0.2144336732	0.0665399130	-2.5984100693
-0.0678310999	0.0013422081	0.9976960970	0.0187874671
0.0000000000	0.0000000000	0.0000000000	1.0000000000
1	 25	 32	
0.0158657006	-0.9986599352	-0.0492601150	0.8470559666
0.9978483137	0.0126806281	0.0643277370	-2.1635743793
-0.0636174297	-0.0501757008	0.9967131403	0.0076625618
0.0000000000	0.0000000000	0.0000000000	1.0000000000
1	 26	 32	
0.0932882704	-0.9945992197	-0.0454910550	0.8697365244
0.9950672203	0.0915903741	0.0380972739	-1.7240837839
-0.0337255145	-0.0488207259	0.9982379624	-0.0045915265
0.0000000000	0.0000000000	0.0000000000	1.0000000000
1	 27	 32	
0.0236961514	-0.9996728501	-0.0095442023	0.9333026283
0.9984698949	0.0231896003	0.0502057059	-1.2440956563
-0.0499680181	-0.0107200220	0.9986946353	-0.0124310425
0.0000000000	0.0000000000	0.0000000000	1.0000000000
1	 28	 32	
-0.0205991974	-0.9996542263	-0.0163502447	0.9277511920
0.9989767112	-0.0212377582	0.0399351198	-0.7388856746
-0.0402693945	-0.0155109471	0.9990695406	-0.0335412761
0.0000000000	0.0000000000	0.0000000000	1.0000000000
1	 29	 32	
-0.0079783119	-0.9998837612	-0.0129531084	0.8579031175
0.9961947886	-0.0068222540	-0.0868942499	-0.3512403457
0.0867956089	-0.0135967530	0.9961340021	-0.0076075265
0.0000000000	0.0000000000	0.0000000000	1.0000000000
1	 30	 32	
0.0160089499	-0.9998046215	-0.0114985164	0.7798272088
0.9997943914	0.0158636549	0.0126479204	0.0929112905
-0.0124644470	-0.0116985702	0.9998536411	0.0112868452
0.0000000000	0.0000000000	0.0000000000	1.0000000000
2	 3	 32	
0.9999131900	0.0101815546	0.0084128343	0.5613107108
-0.0102287448	0.9999319446	0.0056576532	0.0511182126
-0.0083559039	-0.0057427946	0.9999484464	0.0059516346
0.0000000000	0.0000000000	0.0000000000	1.0000000000
2	 4	 32	
0.9999675165	-0.0057827572	-0.0055723562	1.0650691894
0.0058193533	0.9999618996	0.0065427860	0.0736386695
0.0055340352	-0.0065754812	0.9999631661	0.0119137423
0.0000000000	0.0000000000	0.0000000000	1.0000000000
2	 5	 32	
0.9994914743	-0.0286229042	-0.0140303146	1.4897452996
0.0286106584	0.9995898601	-0.0010499840	0.0726295412
0.0140531809	0.0006483869	0.9999010008	0.0214613217
0.0000000000	0.0000000000	0.0000000000	1.0000000000
2	 6	 32	
0.9996481434	-0.0233726370	-0.0125719529	2.0126202460
0.0234378580	0.9997132913	0.0050548301	0.1569301110
0.0124492453	-0.0053476528	0.9999081300	0.0329388563
0.0000000000	0.0000000000	0.0000000000	1.0000000000
2	 22	 32	
-0.7255277414	-0.6877199795	-0.0254889397	0.8140807099
0.6880097208	-0.7256927822	-0.0037929415	-3.2167332965
-0.0158875719	-0.0202875968	0.9996680185	0.0199372310
0.0000000000	0.0000000000	0.0000000000	1.0000000000
2	 23	 32	
-0.4422445872	-0.8956433960	-0.0473473792	0.6462102341
0.8968084173	-0.4423209955	-0.0094465435	-2.9635709635
-0.0124817513	-0.0466371585	0.9988338220	0.0171803601
0.0000000000	0.0000000000	0.0000000000	1.0000000000
2	 24	 32	
-0.2737933042	-0.9615838925	-0.0198151047	0.4856421729
0.9593185063	-0.2745094768	0.0659835933	-2.6356287103
-0.0688880093	-0.0009418368	0.9976235855	0.0159423143
0.0000000000	0.0000000000	0.0000000000	1.0000000000
2	 25	 32	
-0.0457998270	-0.9974005937	-0.0556288565	0.4815590191
0.9968910365	-0.0492088402	0.0615444633	-2.2002160870
-0.0641219979	-0.0526372138	0.9965532919	0.0046366692
0.0000000000	0.0000000000	0.0000000000	1.0000000000
2	 26	 32	
0.0315717617	-0.9982376644	-0.0502464735	0.4770103264
0.9989216593	0.0298014828	0.0355983465	-1.7601691078
-0.0340383672	-0.0513152663	0.9981016679	-0.0078011349
0.0000000000	0.0000000000	0.0000000000	1.0000000000
2	 27	 32	
-0.0380568814	-0.9991605125	-0.0151196928	0.5107497273
0.9980017040	-0.0387672940	0.0499098543	-1.2771686019
-0.0504537279	-0.0131898987	0.9986401006	-0.0157459533
0.0000000000	0.0000000000	0.0000000000	1.0000000000
2	 28	 32	
-0.0823225950	-0.9963787712	-0.0212775624	0.4739755711
0.9957682079	-0.0831101212	0.0392376367	-0.7732801878
-0.0408642983	-0.0179565483	0.9990038719	-0.0371450819
0.0000000000	0.0000000000	0.0000000000	1.0000000000
2	 29	 32	
-0.0698698364	-0.9975053300	-0.0100255468	0.3801917051
0.9938230331	-0.0687357446	-0.0871391186	-0.3906941667
0.0862327720	-0.0160507816	0.9961458139	-0.0115943788
0.0000000000	0.0000000000	0.0000000000	1.0000000000
2	 30	 32	
-0.0459046366	-0.9988359253	-0.0147473093	0.2747140945
0.9988623060	-0.0460877248	0.0123035689	0.0477774292
-0.0129699139	-0.0141647747	0.9998147664	0.0068659534
0.0000000000	0.0000000000	0.0000000000	1.0000000000
2	 31	 32	
-0.0529807784	-0.9984306596	-0.0181279691	0.2573051008
0.9983289587	-0.0533786668	0.0221392476	0.6391645094
-0.0230717511	-0.0169240283	0.9995907458	0.0047259210
0.0000000000	0.0000000000	0.0000000000	1.0000000000
3	 4	 32	
0.9997741148	-0.0159562623	-0.0139931421	0.5034341477
0.0159677776	0.9998722036	0.0007426052	0.0276134041
0.0139804720	-0.0009667994	0.9999020539	0.0103278656
0.0000000000	0.0000000000	0.0000000000	1.0000000000
3	 5	 32	
0.9989937997	-0.0388509548	-0.0223721709	0.9280035947
0.0387037456	0.9992261673	-0.0069353969	0.0308731121
0.0226241112	0.0060624152	0.9997257719	0.0234425024
0.0000000000	0.0000000000	0.0000000000	1.0000000000
3	 6	 32	
0.9992167698	-0.0335523154	-0.0209764447	1.4498744857
0.0335421068	0.9994374792	-0.0008161950	0.1204253389
0.0209923123	0.0001115572	0.9997797078	0.0397958632
0.0000000000	0.0000000000	0.0000000000	1.0000000000
3	 7	 32	
0.9103141073	0.4136561259	-0.0146434569	2.0364497761
-0.4137575086	0.9103756396	-0.0045580008	0.1437753981
0.0114461434	0.0102079516	0.9998822567	0.0531288458
0.0000000000	0.0000000000	0.0000000000	1.0000000000
3	 22	 32	
-0.7323693035	-0.6800668544	-0.0337997866	0.2860589572
0.6806672241	-0.7325281256	-0.0097934877	-3.2651342568
-0.0180991805	-0.0301784844	0.9993808704	-0.0023752402
0.0000000000	0.0000000000	0.0000000000	1.0000000000
3	 23	 32	
-0.4512753035	-0.8906506124	-0.0555915084	0.1156365436
0.8923161269	-0.4511412992	-0.0156644505	-3.0136825334
-0.0111287499	-0.0566730830	0.9983308145	-0.0051122499
0.0000000000	0.0000000000	0.0000000000	1.0000000000
3	 24	 32	
-0.2830069659	-0.9586836989	-0.0288231360	-0.0482617337
0.9568608735	-0.2842750646	0.0600477677	-2.6873903965
-0.0657611231	-0.0105855847	0.9977790232	-0.0058460231
0.0000000000	0.0000000000	0.0000000000	1.0000000000
3	 25	 32	
-0.0554576309	-0.9963700405	-0.0645793978	-0.0567040576
0.9967246416	-0.0590576313	0.0552504716	-2.2519842774
-0.0588644464	-0.0613051025	0.9963823318	-0.0147222211
0.0000000000	0.0000000000	0.0000000000	1.0000000000
3	 26	 32	
0.0216350666	-0.9980263055	-0.0589450110	-0.0656498272
0.9993700638	0.0199311581	0.0293520394	-1.8119423577
-0.0281198594	-0.0595432873	0.9978291334	-0.0247082197
0.0000000000	0.0000000000	0.0000000000	1.0000000000
3	 27	 32	
-0.0478409189	-0.9985661837	-0.0239722046	-0.0367877823
0.9978355636	-0.0488612731	0.0440170968	-1.3285858529
-0.0451254438	-0.0218155467	0.9987440612	-0.0296363066
0.0000000000	0.0000000000	0.0000000000	1.0000000000
3	 28	 32	
-0.0921600221	-0.9952912648	-0.0300234040	-0.0785343778
0.9950964801	-0.0931453623	0.0332808292	-0.8249834956
-0.0359215958	-0.0268094033	0.9989956260	-0.0484931530
0.0000000000	0.0000000000	0.0000000000	1.0000000000
3	 29	 32	
-0.0807503091	-0.9965806872	-0.0174557460	-0.1764370934
0.9925482742	-0.0787943863	-0.0929562876	-0.4435252666
0.0912627359	-0.0248318943	0.9955174489	-0.0215684912
0.0000000000	0.0000000000	0.0000000000	1.0000000000
3	 30	 32	
-0.0560099540	-0.9981585971	-0.0232249803	-0.2865449633
0.9984009316	-0.0561722984	0.0064104357	-0.0062636276
-0.0077047135	-0.0228290550	0.9997090531	-0.0015160723
0.0000000000	0.0000000000	0.0000000000	1.0000000000
3	 31	 32	
-0.0629956225	-0.9976557328	-0.0267040846	-0.3099840500
0.9978535962	-0.0634427673	0.0162123081	0.5849179407
-0.0178685895	-0.0256260036	0.9995122414	-0.0004568706
0.0000000000	0.0000000000	0.0000000000	1.0000000000
4	 5	 32	
0.9997037473	-0.0228016018	-0.0085022155	0.4247094839
0.0227371654	0.9997125609	-0.0075431566	-0.0035277370
0.0086706124	0.0073484336	0.9999352840	0.0071742898
0.0000000000	0.0000000000	0.0000000000	1.0000000000
4	 6	 32	
0.9998214333	-0.0175839682	-0.0070083359	0.9481217746
0.0175742045	0.9998450494	-0.0014470585	0.0776703666
0.0070320162	0.0013241686	0.9999742323	0.0162894947
0.0000000000	0.0000000000	0.0000000000	1.0000000000
4	 7	 32	
0.9036627008	0.4282430200	-0.0007350869	1.5351245781
-0.4282405318	0.9036492498	-0.0052895334	0.0916452642
-0.0016016673	0.0050950586	0.9999853643	0.0214299155
0.0000000000	0.0000000000	0.0000000000	1.0000000000
4	 8	 32	
0.5697538616	0.8217954623	0.0057441888	1.8830509532
-0.8216782795	0.5697723493	-0.0142907741	-0.1411797160
-0.0150170827	0.0034224442	0.9998811464	0.0237520933
0.0000000000	0.0000000000	0.0000000000	1.0000000000
4	 22	 32	
-0.7215887895	-0.6920331847	-0.0199777250	-0.2700833231
0.6922833173	-0.7215543601	-0.0102182120	-3.2888463418
-0.0073424486	-0.0212032089	0.9997482109	-0.0121080539
0.0000000000	0.0000000000	0.0000000000	1.0000000000
4	 23	 32	
-0.4370808157	-0.8984467797	-0.0418729809	-0.4364904846
0.8994133590	-0.4368178497	-0.0157397053	-3.0347048651
-0.0041490079	-0.0445390505	0.9989988495	-0.0122729253
0.0000000000	0.0000000000	0.0000000000	1.0000000000
4	 24	 32	
-0.2685833365	-0.9631557473	-0.0139093436	-0.5951519015
0.9613177658	-0.2689319220	0.0595362619	-2.7058385685
-0.0610827827	0.0026200407	0.9981288048	-0.0104704127
0.0000000000	0.0000000000	0.0000000000	1.0000000000
4	 25	 32	
-0.0403521390	-0.9979463343	-0.0497537044	-0.5967637471
0.9975390397	-0.0430929541	0.0553114488	-2.2703447946
-0.0573415007	-0.0473996465	0.9972290618	-0.0189038673
0.0000000000	0.0000000000	0.0000000000	1.0000000000
4	 26	 32	
0.0371952818	-0.9983162865	-0.0445139098	-0.5988204143
0.9989243497	0.0359104700	0.0293250263	-1.8302067073
-0.0276768184	-0.0455560982	0.9985776171	-0.0284365212
0.0000000000	0.0000000000	0.0000000000	1.0000000000
4	 27	 32	
-0.0325273336	-0.9994271218	-0.0093019923	-0.5623153933
0.9985150185	-0.0329009992	0.0434293061	-1.3473677092
-0.0437096138	-0.0078756639	0.9990139444	-0.0334086441
0.0000000000	0.0000000000	0.0000000000	1.0000000000
4	 28	 32	
-0.0767515565	-0.9969298888	-0.0155197552	-0.5962745820
0.9964745436	-0.0772268618	0.0327907190	-0.8431453714
-0.0338885011	-0.0129477840	0.9993421832	-0.0513049960
0.0000000000	0.0000000000	0.0000000000	1.0000000000
4	 29	 32	
-0.0636071216	-0.9979622173	-0.0050193268	-0.6876877021
0.9936217672	-0.0628590553	-0.0936274391	-0.4601997594
0.0931217473	-0.0109417552	0.9955946172	-0.0227293052
0.0000000000	0.0000000000	0.0000000000	1.0000000000
4	 30	 32	
-0.0401623826	-0.9991505392	-0.0091419577	-0.7905082242
0.9991745143	-0.0402166150	0.0058145946	-0.0212564850
-0.0061778282	-0.0089002119	0.9999404238	-0.0008128902
0.0000000000	0.0000000000	0.0000000000	1.0000000000
4	 31	 32	
-0.0472973083	-0.9988029844	-0.0124665134	-0.8044871136
0.9987485280	-0.0474914772	0.0156709169	0.5702225275
-0.0162433523	-0.0117093280	0.9997996062	0.0010137635
0.0000000000	0.0000000000	0.0000000000	1.0000000000
5	 6	 32	
0.9999860479	0.0051668605	0.0016323861	0.5251826532
-0.0051762047	0.9999692187	0.0060605754	0.0693074291
-0.0016005418	-0.0060692314	0.9999802575	0.0040525109
0.0000000000	0.0000000000	0.0000000000	1.0000000000
5	 7	 32	
0.8936441248	0.4487073099	0.0078165059	1.1123740283
-0.4487341087	0.8936633382	0.0020762462	0.0699317747
-0.0060530081	-0.0053628813	0.9999670472	0.0040970378
0.0000000000	0.0000000000	0.0000000000	1.0000000000
5	 8	 32	
0.5507719368	0.8345371697	0.0140882926	1.4549236534
-0.8345441991	0.5508963827	-0.0070709158	-0.1707425385
-0.0136609042	-0.0078622384	0.9998756605	0.0052177523
0.0000000000	0.0000000000	0.0000000000	1.0000000000
5	 9	 32	
0.2797523150	0.9600626262	0.0042589187	1.6720765985
-0.9600360257	0.2797781197	-0.0075463346	-0.4974417680
-0.0084366541	-0.0019772355	0.9999622463	0.0056110269
0.0000000000	0.0000000000	0.0000000000	1.0000000000
5	 23	 32	
-0.4165368540	-0.9084992763	-0.0335553781	-0.9300355694
0.9090910864	-0.4165343531	-0.0074401900	-3.0108151510
-0.0072182409	-0.0336031051	0.9994091467	0.0107422331
0.0000000000	0.0000000000	0.0000000000	1.0000000000
5	 24	 32	
-0.2471754077	-0.9689628024	-0.0038959636	-1.0811567378
0.9667174978	-0.2468745880	0.0671702128	-2.6784121862
-0.0660477542	0.0128365138	0.9977335587	0.0114124611
0.0000000000	0.0000000000	0.0000000000	1.0000000000
5	 25	 32	
-0.0181557392	-0.9990417997	-0.0398335788	-1.0729391283
0.9977519569	-0.0206745928	0.0637572907	-2.2430684119
-0.0645201688	-0.0385879137	0.9971704601	-0.0002920975
0.0000000000	0.0000000000	0.0000000000	1.0000000000
5	 26	 32	
0.0596574705	-0.9975993022	-0.0351745113	-1.0650701398
0.9975866670	0.0583281748	0.0376687498	-1.8030795892
-0.0355270837	-0.0373373384	0.9986704253	-0.0131270395
0.0000000000	0.0000000000	0.0000000000	1.0000000000
5	 27	 32	
-0.0101928460	-0.9999476646	0.0003514650	-1.0176404110
0.9986494036	-0.0101613879	0.0509693232	-1.3212478314
-0.0509630425	0.0008692213	0.9987009842	-0.0220516935
0.0000000000	0.0000000000	0.0000000000	1.0000000000
5	 28	 32	
-0.0543652071	-0.9985030216	-0.0061035076	-1.0402799024
0.9976900366	-0.0545687570	0.0404779682	-0.8165271609
-0.0407512177	-0.0038894081	0.9991623165	-0.0434620391
0.0000000000	0.0000000000	0.0000000000	1.0000000000
5	 29	 32	
-0.0401881244	-0.9991909583	0.0014868609	-1.1227108723
0.9954715917	-0.0401667897	-0.0861709234	-0.4313969936
0.0861606220	-0.0019831230	0.9962794217	-0.0170000122
0.0000000000	0.0000000000	0.0000000000	1.0000000000
5	 30	 32	
-0.0174851724	-0.9998463885	-0.0003357842	-1.2153303591
0.9997585669	-0.0174887418	0.0133685482	0.0099259622
-0.0133737460	-0.0001024232	0.9999098076	0.0024776986
0.0000000000	0.0000000000	0.0000000000	1.0000000000
6	 7	 32	
0.8959629909	0.4440827945	0.0062046711	0.5871790255
-0.4440657611	0.8959848185	-0.0039521689	0.0036577167
-0.0073142641	0.0007858465	0.9999727333	0.0010065509
0.0000000000	0.0000000000	0.0000000000	1.0000000000
6	 8	 32	
0.5551054722	0.8316850986	0.0125238593	0.9309674674
-0.8315884581	0.5552376052	-0.0130660742	-0.2352457703
-0.0178198893	-0.0031612886	0.9998361437	0.0012275569
0.0000000000	0.0000000000	0.0000000000	1.0000000000
6	 9	 32	
0.2847312898	0.9586026856	0.0026969592	1.1498076473
-0.9585080749	0.2847410189	-0.0135927854	-0.5608147904
-0.0137986095	0.0012852327	0.9999038057	-0.0000048837
0.0000000000	0.0000000000	0.0000000000	1.0000000000
6	 27	 32	
-0.0152807618	-0.9998810490	-0.0015113304	-1.5355590742
0.9988733312	-0.0153324536	0.0449084233	-1.3983221301
-0.0449259936	-0.0008242026	0.9989908475	-0.0370494029
0.0000000000	0.0000000000	0.0000000000	1.0000000000
6	 28	 32	
-0.0594638254	-0.9981989279	-0.0079126320	-1.5607767043
0.9976238090	-0.0597020252	0.0343812630	-0.8936050146
-0.0347922691	-0.0058495281	0.9993780501	-0.0554372284
0.0000000000	0.0000000000	0.0000000000	1.0000000000
6	 29	 32	
-0.0454786653	-0.9989644600	0.0003378530	-1.6452424573
0.9947084620	-0.0453156528	-0.0922067701	-0.5090739263
0.0921267661	-0.0038571147	0.9957399967	-0.0267760186
0.0000000000	0.0000000000	0.0000000000	1.0000000000
6	 30	 32	
-0.0226388988	-0.9997402876	-0.0020058581	-1.7401762791
0.9997166564	-0.0226531475	0.0072979927	-0.0683621404
-0.0073426138	-0.0018400728	0.9999706323	-0.0047750372
0.0000000000	0.0000000000	0.0000000000	1.0000000000
7	 8	 32	
0.8667662696	0.4986215437	0.0097099536	0.4141099538
-0.4985922192	0.8668200309	-0.0053597893	-0.0613831829
-0.0110886173	-0.0001954317	0.9999386418	0.0032982433
0.0000000000	0.0000000000	0.0000000000	1.0000000000
7	 9	 32	
0.6808517598	0.7324212856	0.0011387927	0.7547665144
-0.7323759126	0.6808244513	-0.0101956253	-0.2559060372
-0.0082433696	0.0061074985	0.9999474126	0.0047103584
0.0000000000	0.0000000000	0.0000000000	1.0000000000
7	 10	 32	
0.5400879243	0.8416058543	0.0022786122	1.0474061131
-0.8415757877	0.5400888923	-0.0073175362	-0.6175615557
-0.0073892388	0.0020351027	0.9999713173	0.0046560927
0.0000000000	0.0000000000	0.0000000000	1.0000000000
7	 24	 32	
-0.6542868617	-0.7552055770	-0.0396631852	-0.7270057484
0.7533638313	-0.6554716156	0.0529285326	-3.4403828035
-0.0659701309	0.0047501884	0.9978102073	-0.0155360250
0.0000000000	0.0000000000	0.0000000000	1.0000000000
7	 25	 32	
-0.4635599992	-0.8832779802	-0.0702437602	-0.9149450655
0.8838526641	-0.4665460867	0.0337560976	-3.0475824414
-0.0625881668	-0.0464379640	0.9969591566	-0.0262719939
0.0000000000	0.0000000000	0.0000000000	1.0000000000
7	 26	 32	
-0.3941239361	-0.9174477425	-0.0543824568	-1.1052734769
0.9184647846	-0.3953037446	0.0125242651	-2.6507813413
-0.0329881885	-0.0450121074	0.9984413155	-0.0381313890
0.0000000000	0.0000000000	0.0000000000	1.0000000000
7	 27	 32	
-0.4569287834	-0.8890440022	-0.0286034480	-1.2790486629
0.8881549770	-0.4577689073	0.0403510715	-2.1988565844
-0.0489673800	-0.0069673591	0.9987771579	-0.0456845355
0.0000000000	0.0000000000	0.0000000000	1.0000000000
7	 28	 32	
-0.4960345234	-0.8677970749	-0.0296668628	-1.5256363381
0.8674224190	-0.4967803548	0.0280764789	-1.7578504515
-0.0391031237	-0.0118067540	0.9991662390	-0.0662230916
0.0000000000	0.0000000000	0.0000000000	1.0000000000
8	 9	 32	
0.9553870245	0.2953155435	-0.0050181689	0.3922411719
-0.2953497577	0.9553514502	-0.0084655589	0.0012418100
0.0022929714	0.0095694326	0.9999514689	0.0057621235
0.0000000000	0.0000000000	0.0000000000	1.0000000000
8	 10	 32	
0.8878146077	0.4601677585	-0.0054654718	0.8262102607
-0.4601943181	0.8878015249	-0.0054024408	-0.1663322828
0.0023656062	0.0073116800	0.9999710134	0.0104875156
0.0000000000	0.0000000000	0.0000000000	1.0000000000
8	 11	 32	
0.8503835321	0.5261568630	-0.0028747998	1.2126798379
-0.5261627629	0.8503807061	-0.0021737902	-0.3635107555
0.0013009207	0.0033606588	0.9999931075	0.0177162229
0.0000000000	0.0000000000	0.0000000000	1.0000000000
8	 25	 32	
-0.8417858067	-0.5324631921	-0.0887709313	0.3372457876
0.5350128539	-0.8448230437	-0.0059595549	-3.2511858211
-0.0718222558	-0.0525105717	0.9960347600	-0.0264676564
0.0000000000	0.0000000000	0.0000000000	1.0000000000
8	 26	 32	
-0.7991866361	-0.5976170529	-0.0644533126	-0.0254347445
0.5996317973	-0.8001067823	-0.0164552493	-3.0021300335
-0.0417354370	-0.0517983986	0.9977846238	-0.0423009752
0.0000000000	0.0000000000	0.0000000000	1.0000000000
8	 27	 32	
-0.8383342458	-0.5422749144	-0.0559869274	-0.4012995102
0.5420459814	-0.8400975877	0.0205194641	-2.6970390185
-0.0581609833	-0.0131454264	0.9982215995	-0.0539630334
0.0000000000	0.0000000000	0.0000000000	1.0000000000
8	 28	 32	
-0.8620020264	-0.5043543421	-0.0507929539	-0.8346876563
0.5045737260	-0.8633183887	0.0093492847	-2.4377157554
-0.0485659045	-0.0175691440	0.9986661189	-0.0792581368
0.0000000000	0.0000000000	0.0000000000	1.0000000000
8	 29	 32	
-0.8540761825	-0.5167783534	0.0591210303	-1.2018578103
0.5141850012	-0.8559735053	-0.0540639256	-2.2945489628
0.0785455805	-0.0157746118	0.9967859449	-0.0566835679
0.0000000000	0.0000000000	0.0000000000	1.0000000000
9	 10	 32	
0.9841291346	0.1774431417	-0.0013319916	0.4641117240
-0.1774391178	0.9841279257	0.0027944476	-0.0318890274
0.0018071056	-0.0025128599	0.9999958573	0.0039665496
0.0000000000	0.0000000000	0.0000000000	1.0000000000
9	 11	 32	
0.9678492935	0.2515313560	0.0001895715	0.8915924512
-0.2515263946	0.9678276945	0.0066442241	-0.1060640701
0.0014887071	-0.0064779717	0.9999776214	0.0109252066
0.0000000000	0.0000000000	0.0000000000	1.0000000000
9	 12	 32	
0.9672480344	0.2533395889	0.0157734510	1.4970593258
-0.2535160044	0.9672741343	0.0104708199	-0.2770760263
-0.0126050590	-0.0141252547	0.9998218177	0.0176401081
0.0000000000	0.0000000000	0.0000000000	1.0000000000
9	 26	 32	
-0.9407282765	-0.3347629086	-0.0544287285	0.4878915124
0.3364474950	-0.9413652818	-0.0252058528	-2.9930839498
-0.0428000627	-0.0420245047	0.9981990768	-0.0205407017
0.0000000000	0.0000000000	0.0000000000	1.0000000000
9	 27	 32	
-0.9611591126	-0.2699898755	-0.0572595123	0.0386604190
0.2697146570	-0.9628572543	0.0126224583	-2.8127250895
-0.0585409302	-0.0033125105	0.9982805519	-0.0328992176
0.0000000000	0.0000000000	0.0000000000	1.0000000000
9	 28	 32	
-0.9726815663	-0.2269129934	-0.0489971391	-0.4520415148
0.2270178097	-0.9738850788	0.0034891214	-2.6932085898
-0.0485103594	-0.0077296865	0.9987935516	-0.0582140892
0.0000000000	0.0000000000	0.0000000000	1.0000000000
9	 29	 32	
-0.9676564014	-0.2409479090	0.0747378749	-0.8450631635
0.2397570471	-0.9705199646	-0.0246514582	-2.6646490737
0.0784738585	-0.0059350878	0.9968988542	-0.0350105051
0.0000000000	0.0000000000	0.0000000000	1.0000000000
9	 30	 32	
-0.9645811158	-0.2629188355	-0.0213639400	-1.2948231509
0.2629495474	-0.9648081302	0.0014404140	-2.6301358835
-0.0209924626	-0.0042283910	0.9997701605	-0.0192584284
0.0000000000	0.0000000000	0.0000000000	1.0000000000
10	 11	 32	
0.9971239065	0.0757976511	0.0008142838	0.4338712076
-0.0757992928	0.9971149284	0.0040587090	0.0028384592
-0.0005036763	-0.0041093529	0.9999904915	0.0061817642
0.0000000000	0.0000000000	0.0000000000	1.0000000000
10	 12	 32	
0.9968597600	0.0776615962	0.0154715951	1.0600863346
-0.0778285842	0.9969102370	0.0105902173	-0.0580398774
-0.0146021227	-0.0117605503	0.9998246126	0.0116120726
0.0000000000	0.0000000000	0.0000000000	1.0000000000
10	 27	 32	
-0.9938702770	-0.0948628933	-0.0567869855	0.0746625848
0.0950294097	-0.9954741136	-0.0002476442	-2.8120986946
-0.0565063401	-0.0056425936	0.9983866857	-0.0440672830
0.0000000000	0.0000000000	0.0000000000	1.0000000000
10	 28	 32	
-0.9976156696	-0.0505208068	-0.0470341890	-0.4295050908
0.0509404608	-0.9986720858	-0.0077711995	-2.7814874176
-0.0465797492	-0.0101479551	0.9988631574	-0.0683942492
0.0000000000	0.0000000000	0.0000000000	1.0000000000
11	 12	 32	
0.9998975443	0.0018779547	0.0141201205	0.6290247076
-0.0019855305	0.9999686167	0.0076243174	-0.0132600699
-0.0141067915	-0.0076504532	0.9998725628	0.0056926970
0.0000000000	0.0000000000	0.0000000000	1.0000000000
11	 13	 32	
0.9999942597	-0.0018522197	0.0029143240	1.0888507460
0.0018180895	0.9999326559	0.0114401575	-0.0213795722
-0.0029351987	-0.0114345145	0.9999304149	0.0081788978
0.0000000000	0.0000000000	0.0000000000	1.0000000000
11	 28	 32	
-0.9985822978	0.0253293192	-0.0468134841	-0.6498012194
-0.0246309254	-0.9995781879	-0.0154178907	-2.8414266637
-0.0471843772	-0.0142429523	0.9987857179	-0.0865805511
0.0000000000	0.0000000000	0.0000000000	1.0000000000
12	 13	 32	
0.9999315733	-0.0036763526	-0.0112130639	0.4597608902
0.0037182047	0.9999859901	0.0037942390	-0.0072748506
0.0112005008	-0.0038365188	0.9999286902	0.0089174323
0.0000000000	0.0000000000	0.0000000000	1.0000000000
12	 14	 32	
0.9605530844	0.2780753218	-0.0037013609	0.8860627938
-0.2780928898	0.9605395653	-0.0052747332	-0.0252563178
0.0020900450	0.0060956056	0.9999788933	0.0155904172
0.0000000000	0.0000000000	0.0000000000	1.0000000000
13	 14	 32	
0.9594741868	0.2816962389	0.0074780045	0.4262795596
-0.2816274096	0.9594804778	-0.0090966446	-0.0195736548
-0.0097377096	0.0066220038	0.9999315413	0.0018234756
0.0000000000	0.0000000000	0.0000000000	1.0000000000
13	 15	 32	
0.6957220949	0.7182892185	-0.0055396270	0.7088023624
-0.7182749945	0.6955896396	-0.0154291063	-0.1905762053
-0.0072300896	0.0147130562	0.9998665995	0.0044167934
0.0000000000	0.0000000000	0.0000000000	1.0000000000
14	 15	 32	
0.8698840206	0.4931400029	-0.0107060614	0.3192072203
-0.4932365197	0.8698421006	-0.0097433293	-0.0844708064
0.0045071110	0.0137559543	0.9998953188	0.0062614597
0.0000000000	0.0000000000	0.0000000000	1.0000000000
14	 16	 32	
0.5919363047	0.8059047803	-0.0113537702	0.4334773868
-0.8059827039	0.5918385776	-0.0109093337	-0.1631225424
-0.0020719009	0.0156084401	0.9998751149	0.0079173364
0.0000000000	0.0000000000	0.0000000000	1.0000000000
15	 16	 32	
0.9124454545	0.4091984877	0.0000115917	0.1382030401
-0.4091969063	0.9124437999	-0.0013339267	-0.0120404265
-0.0005555581	0.0012127289	0.9999980930	0.0011987333
0.0000000000	0.0000000000	0.0000000000	1.0000000000
15	 17	 32	
0.7093938051	0.7046573323	0.0147392305	0.3530653745
-0.7046415072	0.7095262664	-0.0071128911	-0.0890078482
-0.0154689093	-0.0053394573	0.9998656026	0.0018422694
0.0000000000	0.0000000000	0.0000000000	1.0000000000
15	 18	 32	
0.7193579022	0.6932803023	0.0434382246	0.6965275325
-0.6906559943	0.7205211186	-0.0619919871	-0.3402053596
-0.0742762383	0.0145939133	0.9971297708	-0.0206161275
0.0000000000	0.0000000000	0.0000000000	1.0000000000
16	 17	 32	
0.9356302136	0.3526273540	0.0158029879	0.2275448068
-0.3526835176	0.9357419207	0.0007533649	0.0176933721
-0.0145214306	-0.0062783655	0.9998753752	0.0007484947
0.0000000000	0.0000000000	0.0000000000	1.0000000000
16	 18	 32	
0.9390317802	0.3377362630	0.0644472312	0.6437375248
-0.3359165078	0.9411428384	-0.0375805835	-0.0709940021
-0.0733473158	0.0136402204	0.9972130517	-0.0213711715
0.0000000000	0.0000000000	0.0000000000	1.0000000000
16	 19	 32	
0.9356681971	0.3528808604	0.0005190123	0.9871475359
-0.3528806943	0.9356687574	-0.0003434463	-0.1807530874
-0.0006071040	0.0001377100	0.9999997603	-0.0260121700
0.0000000000	0.0000000000	0.0000000000	1.0000000000
17	 18	 32	
0.9981234361	-0.0161266174	0.0590713970	0.4210021403
0.0172584321	0.9996777911	-0.0187006608	0.0639117452
-0.0587521029	0.0196848346	0.9980778286	-0.0156067965
0.0000000000	0.0000000000	0.0000000000	1.0000000000
17	 19	 32	
0.9999030174	0.0001698183	-0.0139151273	0.7810843949
-0.0002584714	0.9999806494	-0.0064166820	0.0823307776
0.0139130294	0.0064192199	0.9998820165	-0.0149031565
0.0000000000	0.0000000000	0.0000000000	1.0000000000
18	 19	 32	
0.9972047981	0.0170504462	-0.0727435575	0.3596830899
-0.0161094856	0.9997788205	0.0134925165	0.0126200078
0.0729582591	-0.0122831215	0.9972594853	0.0216289297
0.0000000000	0.0000000000	0.0000000000	1.0000000000
18	 20	 32	
0.9947068823	0.0635002619	-0.0807848429	0.9053757292
-0.0594748235	0.9969100153	0.0512960163	-0.0452009738
0.0837927732	-0.0462194045	0.9954118659	0.0765805704
0.0000000000	0.0000000000	0.0000000000	1.0000000000
18	 21	 32	
0.9958229534	0.0649476250	-0.0641724116	1.4556464038
-0.0617967760	0.9968374690	0.0499390131	-0.0908604932
0.0672140576	-0.0457645637	0.9966884566	0.1149636480
0.0000000000	0.0000000000	0.0000000000	1.0000000000
19	 20	 32	
0.9989981501	0.0438902979	-0.0087626300	0.5491080770
-0.0435314466	0.9983406217	0.0376807586	-0.0491792888
0.0104014105	-0.0372609393	0.9992524756	0.0143248537
0.0000000000	0.0000000000	0.0000000000	1.0000000000
19	 21	 32	
0.9989389664	0.0453679684	0.0079183682	1.1013766681
-0.0456302231	0.9982871818	0.0365916118	-0.0859182312
-0.0062443847	-0.0369136112	0.9992987985	0.0119576200
0.0000000000	0.0000000000	0.0000000000	1.0000000000
20	 21	 32	
0.9998590895	0.0014821286	0.0167121721	0.5532897021
-0.0014776462	0.9999985629	-0.0003569243	-0.0123503014
-0.0167118806	0.0003321065	0.9998590881	-0.0085888313
0.0000000000	0.0000000000	0.0000000000	1.0000000000
20	 22	 32	
0.7231239163	0.6901911719	0.0269688856	0.7965166936
-0.6892586964	0.7235829039	-0.0367614738	-0.1463564689
-0.0448853121	0.0079951728	0.9989596794	-0.0175835736
0.0000000000	0.0000000000	0.0000000000	1.0000000000
20	 23	 32	
0.4391267581	0.8970960763	0.0488454722	0.9635078604
-0.8970623039	0.4408066369	-0.0311528904	-0.3997674044
-0.0494779291	-0.0301354801	0.9983198771	-0.0308539266
0.0000000000	0.0000000000	0.0000000000	1.0000000000
21	 22	 32	
0.7247900083	0.6888922383	0.0103240497	0.2435409652
-0.6882003197	0.7246087622	-0.0363896016	-0.1336482343
-0.0325487387	0.0192699256	0.9992851101	-0.0048810172
0.0000000000	0.0000000000	0.0000000000	1.0000000000
21	 23	 32	
0.4412163282	0.8968228030	0.0321999731	0.4111045668
-0.8964265545	0.4421269993	-0.0307487838	-0.3868156414
-0.0418125573	-0.0152968733	0.9990089833	-0.0152684524
0.0000000000	0.0000000000	0.0000000000	1.0000000000
21	 24	 32	
0.2735589953	0.9618441130	0.0045911270	0.5712462848
-0.9563003609	0.2724908512	-0.1060168635	-0.7147495902
-0.1032225290	0.0246118434	0.9943540538	-0.0272525450
0.0000000000	0.0000000000	0.0000000000	1.0000000000
21	 25	 32	
0.0454706868	0.9981479340	0.0404227521	0.5749341345
-0.9935988637	0.0493791768	-0.1016066846	-1.1493643593
-0.1034143341	-0.0355447778	0.9940040818	-0.0559758101
0.0000000000	0.0000000000	0.0000000000	1.0000000000
21	 26	 32	
-0.0323510272	0.9988620793	0.0350512486	0.5790986182
-0.9966879079	-0.0296219760	-0.0757334197	-1.5885651787
-0.0746087883	-0.0373850989	0.9965119297	-0.0860093126
0.0000000000	0.0000000000	0.0000000000	1.0000000000
21	 27	 32	
0.0375198176	0.9992955763	-0.0000982569	0.5448553947
-0.9952425622	0.0373591290	-0.0899879597	-2.0707921366
-0.0899202305	0.0034733903	0.9959443534	-0.1138577322
0.0000000000	0.0000000000	0.0000000000	1.0000000000
22	 23	 32	
0.9380711583	0.3462352128	0.0119824488	0.2960164469
-0.3464122447	0.9378873398	0.0191521981	-0.0682138150
-0.0046074799	-0.0221161837	0.9997446428	0.0005624040
0.0000000000	0.0000000000	0.0000000000	1.0000000000
22	 24	 32	
0.8597586429	0.5088066318	0.0439228015	0.6381598707
-0.5064783294	0.8605295019	-0.0544967748	-0.1957476204
-0.0655255134	0.0246081101	0.9975469707	0.0021733668
0.0000000000	0.0000000000	0.0000000000	1.0000000000
22	 25	 32	
0.7201173724	0.6906227861	0.0668695454	0.9408695211
-0.6906369360	0.7227114524	-0.0266237610	-0.5086854226
-0.0667145931	-0.0270117836	0.9974066750	-0.0106759786
0.0000000000	0.0000000000	0.0000000000	1.0000000000
22	 26	 32	
0.6649011775	0.7455688726	0.0450887233	1.2471233978
-0.7459309408	0.6659231818	-0.0115278748	-0.8246432070
-0.0386206694	-0.0259686274	0.9989157669	-0.0246628197
0.0000000000	0.0000000000	0.0000000000	1.0000000000
22	 27	 32	
0.7150466230	0.6984567650	0.0294411267	1.5550791746
-0.6970452312	0.7155441161	-0.0460819546	-1.1981946738
-0.0532524247	0.0124276796	0.9985044415	-0.0352969605
0.0000000000	0.0000000000	0.0000000000	1.0000000000
23	 24	 32	
0.9822667044	0.1790859635	0.0554853160	0.3651266660
-0.1758910789	0.9827017102	-0.0579668951	-0.0011856911
-0.0649063531	0.0471789041	0.9967751453	0.0032678881
0.0000000000	0.0000000000	0.0000000000	1.0000000000
23	 25	 32	
0.9150734307	0.3976220578	0.0673561028	0.7575543814
-0.3969334247	0.9175368859	-0.0238770902	-0.1895928550
-0.0712952690	-0.0048885820	0.9974436512	-0.0119440864
0.0000000000	0.0000000000	0.0000000000	1.0000000000
23	 26	 32	
0.8823017717	0.4688327141	0.0416877971	1.1543582312
-0.4685320870	0.8832771406	-0.0172935305	-0.3795801248
-0.0449290964	-0.0042748622	0.9989804725	-0.0283086340
0.0000000000	0.0000000000	0.0000000000	1.0000000000
23	 27	 32	
0.9124745949	0.4072720384	0.0389810708	1.5726942646
-0.4049970946	0.9126548566	-0.0551099937	-0.6230686300
-0.0580200223	0.0344974289	0.9977199982	-0.0424039357
0.0000000000	0.0000000000	0.0000000000	1.0000000000
23	 28	 32	
0.9299281951	0.3663343906	0.0321289065	2.0411149428
-0.3648100962	0.9299994173	-0.0448911703	-0.8120137196
-0.0463248952	0.0300234894	0.9984757007	-0.0667966623
0.0000000000	0.0000000000	0.0000000000	1.0000000000
23	 29	 32	
0.9210901492	0.3796998517	-0.0861470590	2.4253771099
-0.3810306493	0.9245614622	0.0010632321	-0.8984336875
0.0800527591	0.0318445934	0.9962819759	-0.0404493504
0.0000000000	0.0000000000	0.0000000000	1.0000000000
24	 25	 32	
0.9732921850	0.2295025153	0.0056208227	0.4195957889
-0.2295534317	0.9726427697	0.0356575324	-0.1155871769
0.0027164166	-0.0359967148	0.9993489501	0.0175322732
0.0000000000	0.0000000000	0.0000000000	1.0000000000
24	 26	 32	
0.9519838322	0.3054366322	-0.0208500799	0.8438428518
-0.3045385440	0.9517574915	0.0376028662	-0.2319977976
0.0313295302	-0.0294479250	0.9990749794	0.0342500934
0.0000000000	0.0000000000	0.0000000000	1.0000000000
24	 27	 32	
0.9712961051	0.2372836770	-0.0167754280	1.2985033872
-0.2373167057	0.9714315909	-0.0001036280	-0.3970209676
0.0162720828	0.0040807290	0.9998604601	0.0575258220
0.0000000000	0.0000000000	0.0000000000	1.0000000000
24	 28	 32	
0.9806126073	0.1943115590	-0.0253525401	1.7934351675
-0.1941474153	0.9809336568	0.0087469470	-0.4999605999
0.0265684346	-0.0036556197	0.9996411859	0.0701546174
0.0000000000	0.0000000000	0.0000000000	1.0000000000
24	 29	 32	
0.9665815735	0.2082783136	-0.1494718520	2.1843741070
-0.2057076980	0.9780692631	0.0326212771	-0.5148264142
0.1529884733	-0.0007835837	0.9882281592	0.1227473067
0.0000000000	0.0000000000	0.0000000000	1.0000000000
25	 26	 32	
0.9965516970	0.0787181773	-0.0262112220	0.4396843218
-0.0788538992	0.9968772957	-0.0041731121	-0.0164626937
0.0258007970	0.0062266052	0.9996467816	0.0149405785
0.0000000000	0.0000000000	0.0000000000	1.0000000000
25	 27	 32	
0.9998761543	0.0079602423	-0.0135875420	0.9201469070
-0.0084969309	0.9991651326	-0.0399411752	-0.0734641457
0.0132587732	0.0400518437	0.9991100890	0.0348722822
0.0000000000	0.0000000000	0.0000000000	1.0000000000
25	 28	 32	
0.9990620668	-0.0360664377	-0.0239678670	1.4255246524
0.0352588602	0.9988235896	-0.0332932924	-0.0604550192
0.0251401364	0.0324178253	0.9991583454	0.0466041850
0.0000000000	0.0000000000	0.0000000000	1.0000000000
25	 29	 32	
0.9884029093	-0.0218073699	-0.1502836722	1.8095777634
0.0162441677	0.9991395576	-0.0381467498	0.0129134778
0.1509865957	0.0352643547	0.9879064110	0.1008299546
0.0000000000	0.0000000000	0.0000000000	1.0000000000
25	 30	 32	
0.9986899727	0.0007102224	-0.0511692508	2.2503328654
-0.0026849661	0.9992529346	-0.0385238557	0.0955684669
0.0511028901	0.0386117400	0.9979455304	0.1520797559
0.0000000000	0.0000000000	0.0000000000	1.0000000000
26	 27	 32	
0.9974414936	-0.0698217012	0.0153867610	0.4838153712
0.0703209014	0.9969213165	-0.0346660054	-0.0188780875
-0.0129184358	0.0356584590	0.9992819145	0.0075691014
0.0000000000	0.0000000000	0.0000000000	1.0000000000
26	 28	 32	
0.9934864560	-0.1138666456	0.0045192539	0.9867278592
0.1139499546	0.9930675991	-0.0288557031	0.0339460389
-0.0012025521	0.0291825434	0.9995744862	0.0059959906
0.0000000000	0.0000000000	0.0000000000	1.0000000000
26	 29	 32	
0.9876103756	-0.0996082037	-0.1212687138	1.3650707622
0.0949390288	0.9945227544	-0.0437074477	0.1376551259
0.1249584507	0.0316530057	0.9916576611	0.0498299392
0.0000000000	0.0000000000	0.0000000000	1.0000000000
26	 30	 32	
0.9967775189	-0.0770908084	-0.0222072040	1.7991111367
0.0762569465	0.9964291681	-0.0362187374	0.2550666778
0.0249192157	0.0344085270	0.9990969131	0.0891639711
0.0000000000	0.0000000000	0.0000000000	1.0000000000
27	 28	 32	
0.9989717308	-0.0441195252	-0.0104348858	0.5053599993
0.0441887165	0.9990025427	0.0065616504	0.0174908736
0.0101341758	-0.0070153407	0.9999237362	0.0043347650
0.0000000000	0.0000000000	0.0000000000	1.0000000000
27	 29	 32	
0.9901439765	-0.0298271727	-0.1368429472	0.8894609268
0.0301453879	0.9995457551	0.0002561300	0.0960270495
0.1367728386	-0.0043777197	0.9905920609	0.0503632702
0.0000000000	0.0000000000	0.0000000000	1.0000000000
27	 30	 32	
0.9992663264	-0.0072689591	-0.0376045261	1.3301384384
0.0073134005	0.9999723416	0.0010703530	0.1841741228
0.0375943850	-0.0013438144	0.9992905303	0.0922770751
0.0000000000	0.0000000000	0.0000000000	1.0000000000
27	 31	 32	
0.9995130157	-0.0144215294	-0.0276485568	1.9211134768
0.0145375322	0.9998864650	0.0040698252	0.1786698925
0.0275866703	-0.0044693248	0.9996088210	0.1199189264
