0	1	31
0.3957009385	0.8587199669	0.2869477527	0.0000000000	0.1993648410	-0.5966193080
0.8587199669	2.1113587990	-0.1189449135	-0.1993648410	0.0000000000	-1.4393097162
0.2869477527	-0.1189449135	2.4275670579	0.5966193080	1.4393097162	0.0000000000
0.0000000000	-0.1993648410	0.5966193080	1.0000000000	0.0000000000	0.0000000000
0.1993648410	0.0000000000	1.4393097162	0.0000000000	1.0000000000	0.0000000000
-0.5966193080	-1.4393097162	0.0000000000	0.0000000000	0.0000000000	1.0000000000
0	17	31
194.5721661828	44.3691770572	-21.6933387466	0.0000000000	-6.1269006729	-12.5312910080
44.3691770572	50.0752620777	76.7779753094	6.1269006729	0.0000000000	-3.5406708717
-21.6933387466	76.7779753094	169.5696045490	12.5312910080	3.5406708717	0.0000000000
0.0000000000	6.1269006729	12.5312910080	1.0000000000	0.0000000000	0.0000000000
-6.1269006729	0.0000000000	3.5406708717	0.0000000000	1.0000000000	0.0000000000
-12.5312910080	-3.5406708717	0.0000000000	0.0000000000	0.0000000000	1.0000000000
0	18	31
8.0483124886	9.7944724534	7.6249063485	0.0000000000	-1.7427160740	2.2385828495
9.7944724534	22.1803129696	-3.9012143148	1.7427160740	0.0000000000	4.3753004074
7.6249063485	-3.9012143148	24.1545068292	-2.2385828495	-4.3753004074	0.0000000000
0.0000000000	1.7427160740	-2.2385828495	1.0000000000	0.0000000000	0.0000000000
-1.7427160740	0.0000000000	-4.3753004074	0.0000000000	1.0000000000	0.0000000000
2.2385828495	4.3753004074	0.0000000000	0.0000000000	0.0000000000	1.0000000000
0	19	31
13.9539596741	-2.6978285976	3.1044198903	0.0000000000	-2.8195784092	-2.4502933025
-2.6978285976	9.1622734363	6.9087940920	2.8195784092	0.0000000000	1.1010227203
3.1044198903	6.9087940920	7.2161882992	2.4502933025	-1.1010227203	0.0000000000
0.0000000000	2.8195784092	2.4502933025	1.0000000000	0.0000000000	0.0000000000
-2.8195784092	0.0000000000	-1.1010227203	0.0000000000	1.0000000000	0.0000000000
-2.4502933025	1.1010227203	0.0000000000	0.0000000000	0.0000000000	1.0000000000
0	2	31
9.9398353914	-0.6066045238	-0.8186753910	0.0000000000	-2.5331513882	1.8769601583
-0.6066045238	6.5213042086	-4.7546242307	2.5331513882	0.0000000000	-0.3231845498
-0.8186753910	-4.7546242307	3.6274276893	-1.8769601583	0.3231845498	0.0000000000
0.0000000000	2.5331513882	-1.8769601583	1.0000000000	0.0000000000	0.0000000000
-2.5331513882	0.0000000000	0.3231845498	0.0000000000	1.0000000000	0.0000000000
1.8769601583	-0.3231845498	0.0000000000	0.0000000000	0.0000000000	1.0000000000
0	20	31
8.1129969802	3.9266894909	-14.8614849795	0.0000000000	-2.7538290024	-0.7276144624
3.9266894909	36.7075374558	2.0037258090	2.7538290024	0.0000000000	-5.3966622353
-14.8614849795	2.0037258090	29.6533860873	0.7276144624	5.3966622353	0.0000000000
0.0000000000	2.7538290024	0.7276144624	1.0000000000	0.0000000000	0.0000000000
-2.7538290024	0.0000000000	5.3966622353	0.0000000000	1.0000000000	0.0000000000
-0.7276144624	-5.3966622353	0.0000000000	0.0000000000	0.0000000000	1.0000000000
0	21	31
5.8484123700	-0.7935451340	0.3260241525	0.0000000000	-0.9190268517	-2.2369179726
-0.7935451340	0.9704574355	2.0557876817	0.9190268517	0.0000000000	0.3547493219
0.3260241525	2.0557876817	5.1296490974	2.2369179726	-0.3547493219	0.0000000000
0.0000000000	0.9190268517	2.2369179726	1.0000000000	0.0000000000	0.0000000000
-0.9190268517	0.0000000000	-0.3547493219	0.0000000000	1.0000000000	0.0000000000
-2.2369179726	0.3547493219	0.0000000000	0.0000000000	0.0000000000	1.0000000000
0	23	31
0.5426843102	0.3326042343	-0.0666322364	0.0000000000	0.1447056830	0.7223188877
0.3326042343	0.2329698771	0.1045236480	-0.1447056830	0.0000000000	0.4604673088
-0.0666322364	0.1045236480	0.7337747180	-0.7223188877	-0.4604673088	0.0000000000
0.0000000000	-0.1447056830	-0.7223188877	1.0000000000	0.0000000000	0.0000000000
0.1447056830	0.0000000000	-0.4604673088	0.0000000000	1.0000000000	0.0000000000
0.7223188877	0.4604673088	0.0000000000	0.0000000000	0.0000000000	1.0000000000
0	24	31
10.9132905167	19.7355509663	-28.9062578575	0.0000000000	-2.7282891273	-1.8627208471
19.7355509663	119.6978549296	5.0820410345	2.7282891273	0.0000000000	-10.5950126648
-28.9062578575	5.0820410345	115.7240223215	1.8627208471	10.5950126648	0.0000000000
0.0000000000	2.7282891273	1.8627208471	1.0000000000	0.0000000000	0.0000000000
-2.7282891273	0.0000000000	10.5950126648	0.0000000000	1.0000000000	0.0000000000
-1.8627208471	-10.5950126648	0.0000000000	0.0000000000	0.0000000000	1.0000000000
0	25	31
10.8213397512	9.2843613889	1.9533748178	0.0000000000	-0.6772804856	3.2191040516
9.2843613889	8.7769986104	-2.1802363554	0.6772804856	0.0000000000	2.8841445446
1.9533748178	-2.1802363554	18.6809206491	-3.2191040516	-2.8841445446	0.0000000000
0.0000000000	0.6772804856	-3.2191040516	1.0000000000	0.0000000000	0.0000000000
-0.6772804856	0.0000000000	-2.8841445446	0.0000000000	1.0000000000	0.0000000000
3.2191040516	2.8841445446	0.0000000000	0.0000000000	0.0000000000	1.0000000000
0	26	31
66.7072912563	3.5481876199	-0.0960071469	0.0000000000	-0.2209147513	-8.1644649506
3.5481876199	0.2376710286	1.8036507440	0.2209147513	0.0000000000	-0.4345891178
-0.0960071469	1.8036507440	66.8473556302	8.1644649506	0.4345891178	0.0000000000
0.0000000000	0.2209147513	8.1644649506	1.0000000000	0.0000000000	0.0000000000
-0.2209147513	0.0000000000	0.4345891178	0.0000000000	1.0000000000	0.0000000000
-8.1644649506	-0.4345891178	0.0000000000	0.0000000000	0.0000000000	1.0000000000
0	27	31
48.0000677043	-3.4102851897	1.1243711209	0.0000000000	-2.1693642139	-6.5798120499
-3.4102851897	4.9747710366	14.2740087955	2.1693642139	0.0000000000	0.5182952285
1.1243711209	14.2740087955	43.5625565554	6.5798120499	-0.5182952285	0.0000000000
0.0000000000	2.1693642139	6.5798120499	1.0000000000	0.0000000000	0.0000000000
-2.1693642139	0.0000000000	-0.5182952285	0.0000000000	1.0000000000	0.0000000000
-6.5798120499	0.5182952285	0.0000000000	0.0000000000	0.0000000000	1.0000000000
0	28	31
31.5298351366	-7.9362601538	-0.1324316487	0.0000000000	0.0936863422	-5.6143617630
-7.9362601538	2.0069405558	-0.5259890176	-0.0936863422	0.0000000000	1.4135640860
-0.1324316487	-0.5259890176	33.5192214310	5.6143617630	-1.4135640860	0.0000000000
0.0000000000	-0.0936863422	5.6143617630	1.0000000000	0.0000000000	0.0000000000
0.0936863422	0.0000000000	-1.4135640860	0.0000000000	1.0000000000	0.0000000000
-5.6143617630	1.4135640860	0.0000000000	0.0000000000	0.0000000000	1.0000000000
0	29	31
8.0730930486	0.1297561141	-0.3110620038	0.0000000000	-2.6223158836	-1.0938704014
0.1297561141	6.8906115598	2.8684737282	2.6223158836	0.0000000000	-0.1186211035
-0.3110620038	2.8684737282	1.2106234212	1.0938704014	0.1186211035	0.0000000000
0.0000000000	2.6223158836	1.0938704014	1.0000000000	0.0000000000	0.0000000000
-2.6223158836	0.0000000000	0.1186211035	0.0000000000	1.0000000000	0.0000000000
-1.0938704014	-0.1186211035	0.0000000000	0.0000000000	0.0000000000	1.0000000000
0	3	31
47.5574596422	-24.5087618389	-0.7585666424	0.0000000000	0.2133407295	-6.8928909302
-24.5087618389	12.6882171100	-1.4705343792	-0.2133407295	0.0000000000	3.5556578636
-0.7585666424	-1.4705343792	60.1546482184	6.8928909302	-3.5556578636	0.0000000000
0.0000000000	-0.2133407295	6.8928909302	1.0000000000	0.0000000000	0.0000000000
0.2133407295	0.0000000000	-3.5556578636	0.0000000000	1.0000000000	0.0000000000
-6.8928909302	3.5556578636	0.0000000000	0.0000000000	0.0000000000	1.0000000000
0	30	31
1.4064940478	-8.5414003267	-0.6810245811	0.0000000000	-0.0942598134	1.1822052002
-8.5414003267	52.2091157882	-0.1114344416	0.0942598134	0.0000000000	-7.2249727249
-0.6810245811	-0.1114344416	53.5978400111	-1.1822052002	7.2249727249	0.0000000000
0.0000000000	0.0942598134	-1.1822052002	1.0000000000	0.0000000000	0.0000000000
-0.0942598134	0.0000000000	7.2249727249	0.0000000000	1.0000000000	0.0000000000
1.1822052002	-7.2249727249	0.0000000000	0.0000000000	0.0000000000	1.0000000000
0	4	31
1.9103487673	-0.5244897721	-0.7605699184	0.0000000000	-1.1378353834	0.7846524119
-0.5244897721	1.7414757945	-0.8928052780	1.1378353834	0.0000000000	-0.6684358120
-0.7605699184	-0.8928052780	1.0624858423	-0.7846524119	0.6684358120	0.0000000000
0.0000000000	1.1378353834	-0.7846524119	1.0000000000	0.0000000000	0.0000000000
-1.1378353834	0.0000000000	0.6684358120	0.0000000000	1.0000000000	0.0000000000
0.7846524119	-0.6684358120	0.0000000000	0.0000000000	0.0000000000	1.0000000000
1	17	31
159.3576232392	22.9325459778	-11.9234275922	0.0000000000	-5.8234000206	-11.2002515793
22.9325459778	38.1042553362	65.2235452775	5.8234000206	0.0000000000	-2.0475027561
-11.9234275922	65.2235452775	129.6379029756	11.2002515793	2.0475027561	0.0000000000
0.0000000000	5.8234000206	11.2002515793	1.0000000000	0.0000000000	0.0000000000
-5.8234000206	0.0000000000	2.0475027561	0.0000000000	1.0000000000	0.0000000000
-11.2002515793	-2.0475027561	0.0000000000	0.0000000000	0.0000000000	1.0000000000
1	18	31
8.3071614824	0.3953808153	-0.0190527976	0.0000000000	0.1387285441	2.8788740635
0.3953808153	0.0381075269	0.3993820075	-0.1387285441	0.0000000000	0.1373386979
-0.0190527976	0.3993820075	8.3067777914	-2.8788740635	-0.1373386979	0.0000000000
0.0000000000	-0.1387285441	-2.8788740635	1.0000000000	0.0000000000	0.0000000000
0.1387285441	0.0000000000	-0.1373386979	0.0000000000	1.0000000000	0.0000000000
2.8788740635	0.1373386979	0.0000000000	0.0000000000	0.0000000000	1.0000000000
1	19	31
2.2365121411	-2.2080635935	0.8410640088	0.0000000000	-0.5323330760	-1.3975455761
-2.2080635935	2.7796464190	0.7439597354	0.5323330760	0.0000000000	1.5799582005
0.8410640088	0.7439597354	4.4494015524	1.3975455761	-1.5799582005	0.0000000000
0.0000000000	0.5323330760	1.3975455761	1.0000000000	0.0000000000	0.0000000000
-0.5323330760	0.0000000000	-1.5799582005	0.0000000000	1.0000000000	0.0000000000
-1.3975455761	1.5799582005	0.0000000000	0.0000000000	0.0000000000	1.0000000000
1	2	31
17.2700968280	-3.2088343316	-0.1546550675	0.0000000000	0.2000600696	-4.1509122849
-3.2088343316	0.6376197520	-0.8304318004	-0.2000600696	0.0000000000	0.7730431557
-0.1546550675	-0.8304318004	17.8276685171	4.1509122849	-0.7730431557	0.0000000000
0.0000000000	-0.2000600696	4.1509122849	1.0000000000	0.0000000000	0.0000000000
0.2000600696	0.0000000000	-0.7730431557	0.0000000000	1.0000000000	0.0000000000
-4.1509122849	0.7730431557	0.0000000000	0.0000000000	0.0000000000	1.0000000000
1	20	31
10.8180813636	-3.5344582590	-11.5798360841	0.0000000000	-3.1458120346	0.9601812363
-3.5344582590	23.4461330283	-3.0205496885	3.1458120346	0.0000000000	-3.6810324192
-11.5798360841	-3.0205496885	14.4719476777	-0.9601812363	3.6810324192	0.0000000000
0.0000000000	3.1458120346	-0.9601812363	1.0000000000	0.0000000000	0.0000000000
-3.1458120346	0.0000000000	3.6810324192	0.0000000000	1.0000000000	0.0000000000
0.9601812363	-3.6810324192	0.0000000000	0.0000000000	0.0000000000	1.0000000000
1	21	31
1.2122026651	0.6485876228	-0.1069020393	0.0000000000	0.1790542006	1.0863435268
0.6485876228	0.3885139627	0.1945143718	-0.1790542006	0.0000000000	0.5970373154
-0.1069020393	0.1945143718	1.5365958143	-1.0863435268	-0.5970373154	0.0000000000
0.0000000000	-0.1790542006	-1.0863435268	1.0000000000	0.0000000000	0.0000000000
0.1790542006	0.0000000000	-0.5970373154	0.0000000000	1.0000000000	0.0000000000
1.0863435268	0.5970373154	0.0000000000	0.0000000000	0.0000000000	1.0000000000
1	23	31
19.5578959687	1.2322172844	-42.2225455568	0.0000000000	-4.4205489159	-0.1290087253
1.2322172844	110.7709900871	0.5702893807	4.4205489159	0.0000000000	-9.5514259338
-42.2225455568	0.5702893807	91.2463806208	0.1290087253	9.5514259338	0.0000000000
0.0000000000	4.4205489159	0.1290087253	1.0000000000	0.0000000000	0.0000000000
-4.4205489159	0.0000000000	9.5514259338	0.0000000000	1.0000000000	0.0000000000
-0.1290087253	-9.5514259338	0.0000000000	0.0000000000	0.0000000000	1.0000000000
1	24	31
4.9867017498	-0.2999278223	0.0186930512	0.0000000000	-0.1389083266	-2.2287678719
-0.2999278223	0.0374049136	0.3095944155	0.1389083266	0.0000000000	0.1345711350
0.0186930512	0.3095944155	4.9855156170	2.2287678719	-0.1345711350	0.0000000000
0.0000000000	0.1389083266	2.2287678719	1.0000000000	0.0000000000	0.0000000000
-0.1389083266	0.0000000000	-0.1345711350	0.0000000000	1.0000000000	0.0000000000
-2.2287678719	0.1345711350	0.0000000000	0.0000000000	0.0000000000	1.0000000000
1	25	31
18.7009190662	10.6555905521	-2.6882066466	0.0000000000	-1.0578353405	-4.1930780411
10.6555905521	7.5768835103	4.4355861373	1.0578353405	0.0000000000	-2.5412335396
-2.6882066466	4.4355861373	24.0397713613	4.1930780411	2.5412335396	0.0000000000
0.0000000000	1.0578353405	4.1930780411	1.0000000000	0.0000000000	0.0000000000
-1.0578353405	0.0000000000	2.5412335396	0.0000000000	1.0000000000	0.0000000000
-4.1930780411	-2.5412335396	0.0000000000	0.0000000000	0.0000000000	1.0000000000
1	26	31
4.7657632260	-2.5658107331	0.2079892505	0.0000000000	-0.1763844490	-2.1759254932
-2.5658107331	1.4215801002	0.3837994192	0.1763844490	0.0000000000	1.1791813374
0.2079892505	0.3837994192	6.1251203785	2.1759254932	-1.1791813374	0.0000000000
0.0000000000	0.1763844490	2.1759254932	1.0000000000	0.0000000000	0.0000000000
-0.1763844490	0.0000000000	-1.1791813374	0.0000000000	1.0000000000	0.0000000000
-2.1759254932	1.1791813374	0.0000000000	0.0000000000	0.0000000000	1.0000000000
1	27	31
6.6169539197	-4.7284920377	1.4811950373	0.0000000000	-0.7689405680	-2.4547269344
-4.7284920377	4.3018252375	1.8875391232	0.7689405680	0.0000000000	1.9262802601
1.4811950373	1.8875391232	9.7362399630	2.4547269344	-1.9262802601	0.0000000000
0.0000000000	0.7689405680	2.4547269344	1.0000000000	0.0000000000	0.0000000000
-0.7689405680	0.0000000000	-1.9262802601	0.0000000000	1.0000000000	0.0000000000
-2.4547269344	1.9262802601	0.0000000000	0.0000000000	0.0000000000	1.0000000000
1	28	31
16.7837984436	-8.7779140312	4.9079136996	0.0000000000	-1.9993180037	-3.5758252144
-8.7779140312	10.0232857188	7.1492117290	1.9993180037	0.0000000000	2.4547939301
4.9079136996	7.1492117290	18.8125392029	3.5758252144	-2.4547939301	0.0000000000
0.0000000000	1.9993180037	3.5758252144	1.0000000000	0.0000000000	0.0000000000
-1.9993180037	0.0000000000	-2.4547939301	0.0000000000	1.0000000000	0.0000000000
-3.5758252144	2.4547939301	0.0000000000	0.0000000000	0.0000000000	1.0000000000
1	29	31
12.1222364742	-0.6320863577	0.4615192397	0.0000000000	-2.0531296730	-2.8119201660
-0.6320863577	4.2658711707	5.7732367310	2.0531296730	0.0000000000	0.2247881591
0.4615192397	5.7732367310	7.9574247365	2.8119201660	-0.2247881591	0.0000000000
0.0000000000	2.0531296730	2.8119201660	1.0000000000	0.0000000000	0.0000000000
-2.0531296730	0.0000000000	-0.2247881591	0.0000000000	1.0000000000	0.0000000000
-2.8119201660	0.2247881591	0.0000000000	0.0000000000	0.0000000000	1.0000000000
1	3	31
6.5624559684	1.8450301211	-0.3815497149	0.0000000000	-0.5187851191	-2.5086486340
1.8450301211	0.8100507845	1.3014495802	0.5187851191	0.0000000000	-0.7354677320
-0.3815497149	1.3014495802	6.8342307534	2.5086486340	0.7354677320	0.0000000000
0.0000000000	0.5187851191	2.5086486340	1.0000000000	0.0000000000	0.0000000000
-0.5187851191	0.0000000000	0.7354677320	0.0000000000	1.0000000000	0.0000000000
-2.5086486340	-0.7354677320	0.0000000000	0.0000000000	0.0000000000	1.0000000000
1	30	31
48.9680287062	4.1255424376	1.3964438853	0.0000000000	-2.2435944080	6.6282963753
4.1255424376	5.4211146753	-14.8712086824	2.2435944080	0.0000000000	0.6224136949
1.3964438853	-14.8712086824	44.3217116460	-6.6282963753	-0.6224136949	0.0000000000
0.0000000000	2.2435944080	-6.6282963753	1.0000000000	0.0000000000	0.0000000000
-2.2435944080	0.0000000000	-0.6224136949	0.0000000000	1.0000000000	0.0000000000
6.6282963753	0.6224136949	0.0000000000	0.0000000000	0.0000000000	1.0000000000
1	4	31
66.4837765540	2.0103161729	0.6472655729	0.0000000000	-2.4989476204	7.7613811493
2.0103161729	6.3118281155	-19.3952849540	2.4989476204	0.0000000000	0.2590152621
0.6472655729	-19.3952849540	60.3061262506	-7.7613811493	-0.2590152621	0.0000000000
0.0000000000	2.4989476204	-7.7613811493	1.0000000000	0.0000000000	0.0000000000
-2.4989476204	0.0000000000	-0.2590152621	0.0000000000	1.0000000000	0.0000000000
7.7613811493	0.2590152621	0.0000000000	0.0000000000	0.0000000000	1.0000000000
10	11	31
4.4752922426	1.0201602561	-0.0219198430	0.0000000000	0.0454443097	2.1150004864
1.0201602561	0.2347220423	0.0961147371	-0.0454443097	0.0000000000	0.4823451638
-0.0219198430	0.0961147371	4.7058839144	-2.1150004864	-0.4823451638	0.0000000000
0.0000000000	-0.0454443097	-2.1150004864	1.0000000000	0.0000000000	0.0000000000
0.0454443097	0.0000000000	-0.4823451638	0.0000000000	1.0000000000	0.0000000000
2.1150004864	0.4823451638	0.0000000000	0.0000000000	0.0000000000	1.0000000000
10	12	31
0.4823479469	1.2511420603	0.3093397370	0.0000000000	0.1666958928	-0.6742109656
1.2511420603	3.4714582955	-0.1123881989	-0.1666958928	0.0000000000	-1.8557130098
0.3093397370	-0.1123881989	3.8982312010	0.6742109656	1.8557130098	0.0000000000
0.0000000000	-0.1666958928	0.6742109656	1.0000000000	0.0000000000	0.0000000000
0.1666958928	0.0000000000	1.8557130098	0.0000000000	1.0000000000	0.0000000000
-0.6742109656	-1.8557130098	0.0000000000	0.0000000000	0.0000000000	1.0000000000
10	13	31
19.3615291026	11.2169043882	2.0727767406	0.0000000000	-0.7995729446	4.3269171715
11.2169043882	7.3596201705	-3.4596859040	0.7995729446	0.0000000000	2.5923547745
2.0727767406	-3.4596859040	25.4425154856	-4.3269171715	-2.5923547745	0.0000000000
0.0000000000	0.7995729446	-4.3269171715	1.0000000000	0.0000000000	0.0000000000
-0.7995729446	0.0000000000	-2.5923547745	0.0000000000	1.0000000000	0.0000000000
4.3269171715	2.5923547745	0.0000000000	0.0000000000	0.0000000000	1.0000000000
10	14	31
20.4742858422	-2.2261752222	0.4764421699	0.0000000000	-0.9469566941	-4.4246535301
-2.2261752222	1.1498666163	4.1899552795	0.9469566941	0.0000000000	0.5031298399
0.4764421699	4.1899552795	19.8306984974	4.4246535301	-0.5031298399	0.0000000000
0.0000000000	0.9469566941	4.4246535301	1.0000000000	0.0000000000	0.0000000000
-0.9469566941	0.0000000000	-0.5031298399	0.0000000000	1.0000000000	0.0000000000
-4.4246535301	0.5031298399	0.0000000000	0.0000000000	0.0000000000	1.0000000000
10	23	31
48.7760122321	17.3692353266	-5.4903802153	0.0000000000	-2.1049642563	-6.6592144966
17.3692353266	11.2341082320	14.0174084903	2.1049642563	0.0000000000	-2.6083009243
-5.4903802153	14.0174084903	51.1483714236	6.6592144966	2.6083009243	0.0000000000
0.0000000000	2.1049642563	6.6592144966	1.0000000000	0.0000000000	0.0000000000
-2.1049642563	0.0000000000	2.6083009243	0.0000000000	1.0000000000	0.0000000000
-6.6592144966	-2.6083009243	0.0000000000	0.0000000000	0.0000000000	1.0000000000
10	24	31
7.7054428718	-2.3332157719	-0.2285631677	0.0000000000	0.2706302106	-2.7626440525
-2.3332157719	0.7865205381	-0.7476549418	-0.2706302106	0.0000000000	0.8445589542
-0.2285631677	-0.7476549418	8.3454819880	2.7626440525	-0.8445589542	0.0000000000
0.0000000000	-0.2706302106	2.7626440525	1.0000000000	0.0000000000	0.0000000000
0.2706302106	0.0000000000	-0.8445589542	0.0000000000	1.0000000000	0.0000000000
-2.7626440525	0.8445589542	0.0000000000	0.0000000000	0.0000000000	1.0000000000
10	25	31
0.4151813252	0.4886388451	0.0986194631	0.0000000000	0.1274746507	-0.6316102743
0.4886388451	0.6147683239	-0.0805142991	-0.1274746507	0.0000000000	-0.7736397982
0.0986194631	-0.0805142991	0.9974500759	0.6316102743	0.7736397982	0.0000000000
0.0000000000	-0.1274746507	0.6316102743	1.0000000000	0.0000000000	0.0000000000
0.1274746507	0.0000000000	0.7736397982	0.0000000000	1.0000000000	0.0000000000
-0.6316102743	-0.7736397982	0.0000000000	0.0000000000	0.0000000000	1.0000000000
10	26	31
10.0910035814	-1.1565174133	1.9136818063	0.0000000000	-2.7187199593	-1.6430354118
-1.1565174133	7.8869003920	4.4669531679	2.7187199593	0.0000000000	0.7038907409
1.9136818063	4.4669531679	3.1950275396	1.6430354118	-0.7038907409	0.0000000000
0.0000000000	2.7187199593	1.6430354118	1.0000000000	0.0000000000	0.0000000000
-2.7187199593	0.0000000000	-0.7038907409	0.0000000000	1.0000000000	0.0000000000
-1.6430354118	0.7038907409	0.0000000000	0.0000000000	0.0000000000	1.0000000000
10	27	31
56.3898210530	-2.8422957600	0.8755969555	0.0000000000	-2.2107923031	-7.1765046120
-2.8422957600	5.0444627472	15.8657611592	2.2107923031	0.0000000000	0.3960557282
0.8755969555	15.8657611592	51.6590785854	7.1765046120	-0.3960557282	0.0000000000
0.0000000000	2.2107923031	7.1765046120	1.0000000000	0.0000000000	0.0000000000
-2.2107923031	0.0000000000	-0.3960557282	0.0000000000	1.0000000000	0.0000000000
-7.1765046120	0.3960557282	0.0000000000	0.0000000000	0.0000000000	1.0000000000
11	12	31
11.8139413998	8.1997641647	7.0032584626	0.0000000000	-2.2322444916	2.6136231422
8.1997641647	14.8256730661	-5.8342458623	2.2322444916	0.0000000000	3.1373169422
7.0032584626	-5.8342458623	16.6737835256	-2.6136231422	-3.1373169422	0.0000000000
0.0000000000	2.2322444916	-2.6136231422	1.0000000000	0.0000000000	0.0000000000
-2.2322444916	0.0000000000	-3.1373169422	0.0000000000	1.0000000000	0.0000000000
2.6136231422	3.1373169422	0.0000000000	0.0000000000	0.0000000000	1.0000000000
11	13	31
7.3720318653	0.8270633252	-3.6940181116	0.0000000000	-2.6495523453	-0.5932151675
0.8270633252	8.9639341432	1.5717546384	2.6495523453	0.0000000000	-1.3942046165
-3.6940181116	1.5717546384	2.2957107478	0.5932151675	1.3942046165	0.0000000000
0.0000000000	2.6495523453	0.5932151675	1.0000000000	0.0000000000	0.0000000000
-2.6495523453	0.0000000000	1.3942046165	0.0000000000	1.0000000000	0.0000000000
-0.5932151675	-1.3942046165	0.0000000000	0.0000000000	0.0000000000	1.0000000000
11	14	31
11.0338117161	-9.1552074885	3.3146375352	0.0000000000	-1.1307953596	-3.1233177185
-9.1552074885	9.8708917214	3.5318331827	1.1307953596	0.0000000000	2.9312443733
3.3146375352	3.5318331827	18.3473071469	3.1233177185	-2.9312443733	0.0000000000
0.0000000000	1.1307953596	3.1233177185	1.0000000000	0.0000000000	0.0000000000
-1.1307953596	0.0000000000	-2.9312443733	0.0000000000	1.0000000000	0.0000000000
-3.1233177185	2.9312443733	0.0000000000	0.0000000000	0.0000000000	1.0000000000
11	15	31
1.6892329645	0.6238547292	-0.0385772816	0.0000000000	0.0802165866	1.2972271442
0.6238547292	0.2377130016	0.1040591335	-0.0802165866	0.0000000000	0.4809140265
-0.0385772816	0.1040591335	1.9140765646	-1.2972271442	-0.4809140265	0.0000000000
0.0000000000	-0.0802165866	-1.2972271442	1.0000000000	0.0000000000	0.0000000000
0.0802165866	0.0000000000	-0.4809140265	0.0000000000	1.0000000000	0.0000000000
1.2972271442	0.4809140265	0.0000000000	0.0000000000	0.0000000000	1.0000000000
11	21	31
54.1315448603	-23.1249002346	1.1702160479	0.0000000000	-0.3718399405	-7.3480119705
-23.1249002346	10.0424791633	2.7322843343	0.3718399405	0.0000000000	3.1470961571
1.1702160479	2.7322843343	63.8974941408	7.3480119705	-3.1470961571	0.0000000000
0.0000000000	0.3718399405	7.3480119705	1.0000000000	0.0000000000	0.0000000000
-0.3718399405	0.0000000000	-3.1470961571	0.0000000000	1.0000000000	0.0000000000
-7.3480119705	3.1470961571	0.0000000000	0.0000000000	0.0000000000	1.0000000000
11	22	31
29.0134723700	-4.5202205487	1.9584485217	0.0000000000	-2.1413900852	-4.9424610138
-4.5202205487	5.4219875538	10.5837370115	2.1413900852	0.0000000000	0.9145687819
1.9584485217	10.5837370115	25.2643569296	4.9424610138	-0.9145687819	0.0000000000
0.0000000000	2.1413900852	4.9424610138	1.0000000000	0.0000000000	0.0000000000
-2.1413900852	0.0000000000	-0.9145687819	0.0000000000	1.0000000000	0.0000000000
-4.9424610138	0.9145687819	0.0000000000	0.0000000000	0.0000000000	1.0000000000
12	13	31
4.5656954139	-1.4874571347	0.1404664791	0.0000000000	0.2008879185	2.1272845268
-1.4874571347	0.5292759027	0.4273457606	-0.2008879185	0.0000000000	-0.6992281079
0.1404664791	0.4273457606	5.0142594050	-2.1272845268	0.6992281079	0.0000000000
0.0000000000	-0.2008879185	-2.1272845268	1.0000000000	0.0000000000	0.0000000000
0.2008879185	0.0000000000	0.6992281079	0.0000000000	1.0000000000	0.0000000000
2.1272845268	-0.6992281079	0.0000000000	0.0000000000	0.0000000000	1.0000000000
12	14	31
7.9225859596	4.7913207792	2.3925740948	0.0000000000	-1.2574782372	2.5182006359
4.7913207792	5.2014287866	-3.1665824964	1.2574782372	0.0000000000	1.9026763439
2.3925740948	-3.1665824964	9.9615117124	-2.5182006359	-1.9026763439	0.0000000000
0.0000000000	1.2574782372	-2.5182006359	1.0000000000	0.0000000000	0.0000000000
-1.2574782372	0.0000000000	-1.9026763439	0.0000000000	1.0000000000	0.0000000000
2.5182006359	1.9026763439	0.0000000000	0.0000000000	0.0000000000	1.0000000000
12	15	31
11.7979382203	-8.2129345212	0.0172040495	0.0000000000	0.0071950601	3.4348051548
-8.2129345212	5.7173718777	0.0247136297	-0.0071950601	0.0000000000	-2.3910918236
0.0172040495	0.0247136297	17.5152065602	-3.4348051548	2.3910918236	0.0000000000
0.0000000000	-0.0071950601	-3.4348051548	1.0000000000	0.0000000000	0.0000000000
0.0071950601	0.0000000000	2.3910918236	0.0000000000	1.0000000000	0.0000000000
3.4348051548	-2.3910918236	0.0000000000	0.0000000000	0.0000000000	1.0000000000
12	21	31
13.4720489486	-1.5216770303	-0.6862758385	0.0000000000	-1.5089954138	3.3458902836
-1.5216770303	2.4839009910	-5.0489330929	1.5089954138	0.0000000000	-0.4547898769
-0.6862758385	-5.0489330929	11.4018156220	-3.3458902836	0.4547898769	0.0000000000
0.0000000000	1.5089954138	-3.3458902836	1.0000000000	0.0000000000	0.0000000000
-1.5089954138	0.0000000000	0.4547898769	0.0000000000	1.0000000000	0.0000000000
3.3458902836	-0.4547898769	0.0000000000	0.0000000000	0.0000000000	1.0000000000
12	22	31
13.5610167558	3.1355143687	1.7141207843	0.0000000000	-1.7664358616	3.2312104702
3.1355143687	4.0619404169	-5.7077260509	1.7664358616	0.0000000000	0.9703838229
1.7141207843	-5.7077260509	11.3823658665	-3.2312104702	-0.9703838229	0.0000000000
0.0000000000	1.7664358616	-3.2312104702	1.0000000000	0.0000000000	0.0000000000
-1.7664358616	0.0000000000	-0.9703838229	0.0000000000	1.0000000000	0.0000000000
3.2312104702	0.9703838229	0.0000000000	0.0000000000	0.0000000000	1.0000000000
12	23	31
2.4676481570	2.4076679769	0.2003623033	0.0000000000	0.1302753985	-1.5654636621
2.4076679769	2.3823859397	-0.2039414024	-0.1302753985	0.0000000000	-1.5379903316
0.2003623033	-0.2039414024	4.8160907378	1.5654636621	1.5379903316	0.0000000000
0.0000000000	-0.1302753985	1.5654636621	1.0000000000	0.0000000000	0.0000000000
0.1302753985	0.0000000000	1.5379903316	0.0000000000	1.0000000000	0.0000000000
-1.5654636621	-1.5379903316	0.0000000000	0.0000000000	0.0000000000	1.0000000000
13	14	31
5.1542968295	0.1863823717	2.1723605785	0.0000000000	-2.2619974613	0.1940729618
0.1863823717	6.0389482118	-0.4389925469	2.2619974613	0.0000000000	0.9603726864
2.1723605785	-0.4389925469	0.9599800113	-0.1940729618	-0.9603726864	0.0000000000
0.0000000000	2.2619974613	-0.1940729618	1.0000000000	0.0000000000	0.0000000000
-2.2619974613	0.0000000000	-0.9603726864	0.0000000000	1.0000000000	0.0000000000
0.1940729618	0.9603726864	0.0000000000	0.0000000000	0.0000000000	1.0000000000
13	15	31
1.1924970204	-0.7171084852	0.0788360859	0.0000000000	0.1193328872	1.0854753256
-0.7171084852	0.4506856280	0.1295329046	-0.1193328872	0.0000000000	-0.6606400609
0.0788360859	0.1295329046	1.6147019725	-1.0854753256	0.6606400609	0.0000000000
0.0000000000	-0.1193328872	-1.0854753256	1.0000000000	0.0000000000	0.0000000000
0.1193328872	0.0000000000	0.6606400609	0.0000000000	1.0000000000	0.0000000000
1.0854753256	-0.6606400609	0.0000000000	0.0000000000	0.0000000000	1.0000000000
13	16	31
16.1095982597	-12.6638863720	3.2811571179	0.0000000000	-1.0066850185	-3.8853807449
-12.6638863720	11.6368956674	3.9113545872	1.0066850185	0.0000000000	3.2593681812
3.2811571179	3.9113545872	25.7196644739	3.8853807449	-3.2593681812	0.0000000000
0.0000000000	1.0066850185	3.8853807449	1.0000000000	0.0000000000	0.0000000000
-1.0066850185	0.0000000000	-3.2593681812	0.0000000000	1.0000000000	0.0000000000
-3.8853807449	3.2593681812	0.0000000000	0.0000000000	0.0000000000	1.0000000000
13	17	31
154.2192698430	18.0776608808	-9.4979828539	0.0000000000	-5.7759795189	-10.9935131073
18.0776608808	36.0659692015	63.4983065484	5.7759795189	0.0000000000	-1.6443934441
-9.4979828539	63.4983065484	123.5613602392	10.9935131073	1.6443934441	0.0000000000
0.0000000000	5.7759795189	10.9935131073	1.0000000000	0.0000000000	0.0000000000
-5.7759795189	0.0000000000	1.6443934441	0.0000000000	1.0000000000	0.0000000000
-10.9935131073	-1.6443934441	0.0000000000	0.0000000000	0.0000000000	1.0000000000
13	21	31
26.8188959359	47.6425174093	-22.7671191033	0.0000000000	-2.2329056263	-4.6725826263
47.6425174093	108.9480583741	10.4334360357	2.2329056263	0.0000000000	-10.1961851120
-22.7671191033	10.4334360357	125.7952192382	4.6725826263	10.1961851120	0.0000000000
0.0000000000	2.2329056263	4.6725826263	1.0000000000	0.0000000000	0.0000000000
-2.2329056263	0.0000000000	10.1961851120	0.0000000000	1.0000000000	0.0000000000
-4.6725826263	-10.1961851120	0.0000000000	0.0000000000	0.0000000000	1.0000000000
13	22	31
17.7709586051	-0.3265472329	0.1645932530	0.0000000000	-1.8974167109	-3.7644081116
-0.3265472329	3.6077150379	7.1426508574	1.8974167109	0.0000000000	0.0867459700
0.1645932530	7.1426508574	14.1782932938	3.7644081116	-0.0867459700	0.0000000000
0.0000000000	1.8974167109	3.7644081116	1.0000000000	0.0000000000	0.0000000000
-1.8974167109	0.0000000000	-0.0867459700	0.0000000000	1.0000000000	0.0000000000
-3.7644081116	0.0867459700	0.0000000000	0.0000000000	0.0000000000	1.0000000000
13	23	31
60.1958403884	-13.8108866496	-0.1318979381	0.0000000000	-0.0740934610	7.7582440376
-13.8108866496	3.1744461324	-0.5748351523	0.0740934610	0.0000000000	-1.7801562548
-0.1318979381	-0.5748351523	63.3593068388	-7.7582440376	1.7801562548	0.0000000000
0.0000000000	0.0740934610	-7.7582440376	1.0000000000	0.0000000000	0.0000000000
-0.0740934610	0.0000000000	1.7801562548	0.0000000000	1.0000000000	0.0000000000
7.7582440376	-1.7801562548	0.0000000000	0.0000000000	0.0000000000	1.0000000000
14	15	31
5.3275169579	0.4465470498	-2.3840438312	0.0000000000	-2.2686874866	-0.4249400496
0.4465470498	6.2512226925	0.9640561732	2.2686874866	0.0000000000	-1.0508471727
-2.3840438312	0.9640561732	1.2848538262	0.4249400496	1.0508471727	0.0000000000
0.0000000000	2.2686874866	0.4249400496	1.0000000000	0.0000000000	0.0000000000
-2.2686874866	0.0000000000	1.0508471727	0.0000000000	1.0000000000	0.0000000000
-0.4249400496	-1.0508471727	0.0000000000	0.0000000000	0.0000000000	1.0000000000
14	16	31
17.0213328175	-12.2398937119	5.5224404831	0.0000000000	-1.6967391968	-3.7606394291
-12.2398937119	13.4722392962	6.3808243243	1.6967391968	0.0000000000	3.2547373772
5.5224404831	6.3808243243	24.7357243100	3.7606394291	-3.2547373772	0.0000000000
0.0000000000	1.6967391968	3.7606394291	1.0000000000	0.0000000000	0.0000000000
-1.6967391968	0.0000000000	-3.2547373772	0.0000000000	1.0000000000	0.0000000000
-3.7606394291	3.2547373772	0.0000000000	0.0000000000	0.0000000000	1.0000000000
14	17	31
111.4726156737	37.4061046918	15.4298812166	0.0000000000	-4.0260839462	9.7602901459
37.4061046918	30.8972454007	-39.2957474668	4.0260839462	0.0000000000	3.8324787617
15.4298812166	-39.2957474668	109.9511571903	-9.7602901459	-3.8324787617	0.0000000000
0.0000000000	4.0260839462	-9.7602901459	1.0000000000	0.0000000000	0.0000000000
-4.0260839462	0.0000000000	-3.8324787617	0.0000000000	1.0000000000	0.0000000000
9.7602901459	3.8324787617	0.0000000000	0.0000000000	0.0000000000	1.0000000000
14	18	31
10.9923477144	1.5392401458	-0.0656267488	0.0000000000	0.1412294805	3.3124616146
1.5392401458	0.2358748068	0.4678172330	-0.1412294805	0.0000000000	0.4646816552
-0.0656267488	0.4678172330	11.1883309889	-3.3124616146	-0.4646816552	0.0000000000
0.0000000000	-0.1412294805	-3.3124616146	1.0000000000	0.0000000000	0.0000000000
0.1412294805	0.0000000000	-0.4646816552	0.0000000000	1.0000000000	0.0000000000
3.3124616146	0.4646816552	0.0000000000	0.0000000000	0.0000000000	1.0000000000
14	19	31
4.0731972008	2.5422235672	0.2478331178	0.0000000000	0.1958210468	-2.0086939335
2.5422235672	1.6401151064	-0.3933445488	-0.1958210468	0.0000000000	-1.2656102180
0.2478331178	-0.3933445488	5.6366205425	2.0086939335	1.2656102180	0.0000000000
0.0000000000	-0.1958210468	2.0086939335	1.0000000000	0.0000000000	0.0000000000
0.1958210468	0.0000000000	1.2656102180	0.0000000000	1.0000000000	0.0000000000
-2.0086939335	-1.2656102180	0.0000000000	0.0000000000	0.0000000000	1.0000000000
14	21	31
0.5442052445	0.9450423835	0.1223686133	0.0000000000	0.0947304368	-0.7315950990
0.9450423835	1.6776075068	-0.0693043233	-0.0947304368	0.0000000000	-1.2917560339
0.1223686133	-0.0693043233	2.2038650400	0.7315950990	1.2917560339	0.0000000000
0.0000000000	-0.0947304368	0.7315950990	1.0000000000	0.0000000000	0.0000000000
0.0947304368	0.0000000000	1.2917560339	0.0000000000	1.0000000000	0.0000000000
-0.7315950990	-1.2917560339	0.0000000000	0.0000000000	0.0000000000	1.0000000000
14	22	31
1.9613966966	0.8541699187	0.1174030447	0.0000000000	0.1907013655	-1.3874543905
0.8541699187	0.4153773997	-0.2645894468	-0.1907013655	0.0000000000	-0.6156381965
0.1174030447	-0.2645894468	2.3040400747	1.3874543905	0.6156381965	0.0000000000
0.0000000000	-0.1907013655	1.3874543905	1.0000000000	0.0000000000	0.0000000000
0.1907013655	0.0000000000	0.6156381965	0.0000000000	1.0000000000	0.0000000000
-1.3874543905	-0.6156381965	0.0000000000	0.0000000000	0.0000000000	1.0000000000
14	23	31
4.5378317071	-0.7088386004	-0.0755182268	0.0000000000	0.2256720662	-2.1182312965
-0.7088386004	0.1629098140	-0.4780256334	-0.2256720662	0.0000000000	0.3346370161
-0.0755182268	-0.4780256334	4.5988857582	2.1182312965	-0.3346370161	0.0000000000
0.0000000000	-0.2256720662	2.1182312965	1.0000000000	0.0000000000	0.0000000000
0.2256720662	0.0000000000	-0.3346370161	0.0000000000	1.0000000000	0.0000000000
-2.1182312965	0.3346370161	0.0000000000	0.0000000000	0.0000000000	1.0000000000
15	16	31
4.7645832694	0.1986021201	-0.6379845196	0.0000000000	-2.0841448307	-0.6487862468
0.1986021201	4.4373650477	1.3521645025	2.0841448307	0.0000000000	-0.3061133325
-0.6379845196	1.3521645025	0.5146289663	0.6487862468	0.3061133325	0.0000000000
0.0000000000	2.0841448307	0.6487862468	1.0000000000	0.0000000000	0.0000000000
-2.0841448307	0.0000000000	0.3061133325	0.0000000000	1.0000000000	0.0000000000
-0.6487862468	-0.3061133325	0.0000000000	0.0000000000	0.0000000000	1.0000000000
15	17	31
90.1821175343	-0.0576776674	-0.0081437191	0.0000000000	-1.3276662827	9.4031600952
-0.0576776674	1.7627353823	-12.4842586088	1.3276662827	0.0000000000	-0.0061338600
-0.0081437191	-12.4842586088	88.4194574005	-9.4031600952	0.0061338600	0.0000000000
0.0000000000	1.3276662827	-9.4031600952	1.0000000000	0.0000000000	0.0000000000
-1.3276662827	0.0000000000	0.0061338600	0.0000000000	1.0000000000	0.0000000000
9.4031600952	-0.0061338600	0.0000000000	0.0000000000	0.0000000000	1.0000000000
15	18	31
1.7161696063	-0.9575899887	0.8319799332	0.0000000000	-0.8591957092	-0.9889147282
-0.9575899887	1.6758688775	0.8496712912	0.8591957092	0.0000000000	0.9683241248
0.8319799332	0.8496712912	1.9156039503	0.9889147282	-0.9683241248	0.0000000000
0.0000000000	0.8591957092	0.9889147282	1.0000000000	0.0000000000	0.0000000000
-0.8591957092	0.0000000000	-0.9683241248	0.0000000000	1.0000000000	0.0000000000
-0.9889147282	0.9683241248	0.0000000000	0.0000000000	0.0000000000	1.0000000000
15	20	31
1.9720820989	-0.3984489835	-0.0543623360	0.0000000000	0.1898379177	-1.3914178610
-0.3984489835	0.1180415403	-0.2641438694	-0.1898379177	0.0000000000	0.2863618433
-0.0543623360	-0.2641438694	2.0180467692	1.3914178610	-0.2863618433	0.0000000000
0.0000000000	-0.1898379177	1.3914178610	1.0000000000	0.0000000000	0.0000000000
0.1898379177	0.0000000000	-0.2863618433	0.0000000000	1.0000000000	0.0000000000
-1.3914178610	0.2863618433	0.0000000000	0.0000000000	0.0000000000	1.0000000000
16	17	31
11.7954579530	4.2396067992	-0.2364174790	0.0000000000	0.1912217140	3.4291241169
4.2396067992	1.5651336985	0.6557229912	-0.1912217140	0.0000000000	1.2363526821
-0.2364174790	0.6557229912	13.2874601637	-3.4291241169	-1.2363526821	0.0000000000
0.0000000000	-0.1912217140	-3.4291241169	1.0000000000	0.0000000000	0.0000000000
0.1912217140	0.0000000000	-1.2363526821	0.0000000000	1.0000000000	0.0000000000
3.4291241169	1.2363526821	0.0000000000	0.0000000000	0.0000000000	1.0000000000
16	18	31
71.7769799093	24.3184097565	-0.1494548192	0.0000000000	0.0520665906	8.4719696045
24.3184097565	8.2422243585	0.4411065733	-0.0520665906	0.0000000000	2.8704552650
-0.1494548192	0.4411065733	80.0137824081	-8.4719696045	-2.8704552650	0.0000000000
0.0000000000	-0.0520665906	-8.4719696045	1.0000000000	0.0000000000	0.0000000000
0.0520665906	0.0000000000	-2.8704552650	0.0000000000	1.0000000000	0.0000000000
8.4719696045	2.8704552650	0.0000000000	0.0000000000	0.0000000000	1.0000000000
16	19	31
139.4391629985	27.7138487738	-12.3856914372	0.0000000000	-4.8180770874	-10.7807836533
27.7138487738	29.8222166296	51.9426467040	4.8180770874	0.0000000000	-2.5706710815
-12.3856914372	51.9426467040	122.8336459879	10.7807836533	2.5706710815	0.0000000000
0.0000000000	4.8180770874	10.7807836533	1.0000000000	0.0000000000	0.0000000000
-4.8180770874	0.0000000000	2.5706710815	0.0000000000	1.0000000000	0.0000000000
-10.7807836533	-2.5706710815	0.0000000000	0.0000000000	0.0000000000	1.0000000000
16	20	31
40.4180525925	-9.6362937598	1.6062972332	0.0000000000	-1.0453269482	-6.2709922791
-9.6362937598	3.4539886512	6.5552372210	1.0453269482	0.0000000000	1.5366457701
1.6062972332	6.5552372210	41.6866243866	6.2709922791	-1.5366457701	0.0000000000
0.0000000000	1.0453269482	6.2709922791	1.0000000000	0.0000000000	0.0000000000
-1.0453269482	0.0000000000	-1.5366457701	0.0000000000	1.0000000000	0.0000000000
-6.2709922791	1.5366457701	0.0000000000	0.0000000000	0.0000000000	1.0000000000
16	21	31
22.4963260887	-9.8490275506	4.5251230806	0.0000000000	-1.9801772833	-4.3098983765
-9.8490275506	9.1432917821	8.5343628584	1.9801772833	0.0000000000	2.2852110863
4.5251230806	8.5343628584	23.7974137243	4.3098983765	-2.2852110863	0.0000000000
0.0000000000	1.9801772833	4.3098983765	1.0000000000	0.0000000000	0.0000000000
-1.9801772833	0.0000000000	-2.2852110863	0.0000000000	1.0000000000	0.0000000000
-4.3098983765	2.2852110863	0.0000000000	0.0000000000	0.0000000000	1.0000000000
16	22	31
34.0776630286	14.3069118690	-7.4181254983	0.0000000000	-2.6870729923	-5.1824030876
14.3069118690	14.8416677189	13.9254953721	2.6870729923	0.0000000000	-2.7606713772
-7.4181254983	13.9254953721	34.4786082153	5.1824030876	2.7606713772	0.0000000000
0.0000000000	2.6870729923	5.1824030876	1.0000000000	0.0000000000	0.0000000000
-2.6870729923	0.0000000000	2.7606713772	0.0000000000	1.0000000000	0.0000000000
-5.1824030876	-2.7606713772	0.0000000000	0.0000000000	0.0000000000	1.0000000000
16	23	31
5.2980321618	-0.8561928778	0.2988182260	0.0000000000	-0.7584618926	-2.1731929779
-0.8561928778	0.7304840696	1.6482840590	0.7584618926	0.0000000000	0.3939792216
0.2988182260	1.6482840590	4.8779873463	2.1731929779	-0.3939792216	0.0000000000
0.0000000000	0.7584618926	2.1731929779	1.0000000000	0.0000000000	0.0000000000
-0.7584618926	0.0000000000	-0.3939792216	0.0000000000	1.0000000000	0.0000000000
-2.1731929779	0.3939792216	0.0000000000	0.0000000000	0.0000000000	1.0000000000
17	18	31
163.4955073684	6.4907883081	-0.4904686312	0.0000000000	-0.9634525776	-12.7501869202
6.4907883081	1.1873971789	12.2842004530	0.9634525776	0.0000000000	-0.5090739727
-0.4904686312	12.2842004530	162.8264228089	12.7501869202	0.5090739727	0.0000000000
0.0000000000	0.9634525776	12.7501869202	1.0000000000	0.0000000000	0.0000000000
-0.9634525776	0.0000000000	0.5090739727	0.0000000000	1.0000000000	0.0000000000
-12.7501869202	-0.5090739727	0.0000000000	0.0000000000	0.0000000000	1.0000000000
17	19	31
11.2517312256	8.4368945007	-0.4634942262	0.0000000000	0.1839996576	3.3493096828
8.4368945007	6.3791919189	0.6162718349	-0.1839996576	0.0000000000	2.5189950466
-0.4634942262	0.6162718349	17.5632113965	-3.3493096828	-2.5189950466	0.0000000000
0.0000000000	-0.1839996576	-3.3493096828	1.0000000000	0.0000000000	0.0000000000
0.1839996576	0.0000000000	-2.5189950466	0.0000000000	1.0000000000	0.0000000000
