0	 1	 31	
0.9988430000	-0.0480960000	-0.0010840000	0.6192810000
0.0480970000	0.9988420000	0.0010300000	0.0138970000
0.0010340000	-0.0010800000	0.9999990000	0.0055930000
0.0000000000	0.0000000000	0.0000000000	1.0000000000
0	 2	 31	
0.9999110000	-0.0077660000	0.0108790000	1.2197270000
0.0077280000	0.9999640000	0.0034640000	0.0390830000
-0.0109060000	-0.0033800000	0.9999340000	0.0104290000
0.0000000000	0.0000000000	0.0000000000	1.0000000000
0	 3	 31	
0.9999490000	0.0044200000	-0.0089800000	1.8873830000
-0.0043960000	0.9999870000	0.0025430000	0.0983170000
0.0089910000	-0.0025030000	0.9999560000	0.0175150000
0.0000000000	0.0000000000	0.0000000000	1.0000000000
0	 4	 31	
0.9992150000	-0.0390470000	-0.0066400000	2.4626270000
0.0390670000	0.9992330000	0.0028240000	0.1068330000
0.0065250000	-0.0030810000	0.9999740000	0.0274170000
0.0000000000	0.0000000000	0.0000000000	1.0000000000
0	 17	 31	
-0.9985780000	0.0410320000	-0.0340490000	2.2228540000
-0.0406050000	-0.9990890000	-0.0131590000	-3.5604430000
-0.0345570000	-0.0117570000	0.9993340000	0.0202580000
0.0000000000	0.0000000000	0.0000000000	1.0000000000
0	 18	 31	
-0.9966270000	-0.0784570000	-0.0240480000	1.5982920000
0.0787710000	-0.9968160000	-0.0124080000	-3.5384570000
-0.0229980000	-0.0142600000	0.9996340000	0.0163010000
0.0000000000	0.0000000000	0.0000000000	1.0000000000
0	 19	 31	
-0.9917330000	-0.1281140000	-0.0072800000	0.9218940000
0.1281010000	-0.9917590000	0.0022060000	-3.4284430000
-0.0075020000	0.0012540000	0.9999710000	0.0139680000
0.0000000000	0.0000000000	0.0000000000	1.0000000000
0	 20	 31	
-0.7743340000	-0.6293540000	-0.0657340000	0.5799910000
0.6287050000	-0.7769550000	0.0327360000	-3.3307420000
-0.0716750000	-0.0159790000	0.9973000000	0.0085040000
0.0000000000	0.0000000000	0.0000000000	1.0000000000
0	 21	 31	
-0.4542410000	-0.8886030000	-0.0636380000	0.4898090000
0.8878990000	-0.4574020000	0.0491820000	-3.2172880000
-0.0728120000	-0.0341640000	0.9967600000	0.0055880000
0.0000000000	0.0000000000	0.0000000000	1.0000000000
0	 23	 31	
0.0186620000	-0.9995430000	-0.0237890000	0.4720960000
0.9995870000	0.0181330000	0.0222970000	-2.4898060000
-0.0218560000	-0.0241960000	0.9994680000	-0.0134440000
0.0000000000	0.0000000000	0.0000000000	1.0000000000
0	 24	 31	
0.0458550000	-0.9986910000	-0.0226640000	0.4911560000
0.9984240000	0.0450850000	0.0334010000	-1.9942390000
-0.0323360000	-0.0241610000	0.9991850000	-0.0174730000
0.0000000000	0.0000000000	0.0000000000	1.0000000000
0	 25	 31	
0.0220240000	-0.9997570000	0.0015690000	0.5071280000
0.9992860000	0.0220620000	0.0306680000	-1.4766010000
-0.0306950000	0.0008930000	0.9995290000	-0.0251650000
0.0000000000	0.0000000000	0.0000000000	1.0000000000
0	 26	 31	
0.0196580000	-0.9997660000	-0.0090500000	0.5493470000
0.9987600000	0.0192220000	0.0459180000	-0.9603850000
-0.0457320000	-0.0099420000	0.9989040000	-0.0415770000
0.0000000000	0.0000000000	0.0000000000	1.0000000000
0	 27	 31	
-0.0429860000	-0.9989890000	-0.0131300000	0.5059120000
0.9990180000	-0.0431210000	0.0101330000	-0.2746610000
-0.0106890000	-0.0126820000	0.9998630000	0.0059000000
0.0000000000	0.0000000000	0.0000000000	1.0000000000
0	 28	 31	
-0.0172410000	-0.9997940000	-0.0107060000	0.5244520000
0.9997180000	-0.0174120000	0.0161380000	0.3199980000
-0.0163210000	-0.0104250000	0.9998120000	0.0049700000
0.0000000000	0.0000000000	0.0000000000	1.0000000000
0	 29	 31	
-0.0010980000	-0.9999310000	-0.0116960000	0.5664630000
0.9998920000	-0.0012690000	0.0146070000	1.0063820000
-0.0146210000	-0.0116790000	0.9998250000	-0.0015220000
0.0000000000	0.0000000000	0.0000000000	1.0000000000
0	 30	 31	
0.1528910000	-0.9880260000	0.0206930000	0.6615620000
0.9873680000	0.1536030000	0.0388430000	1.5313300000
-0.0415570000	0.0144930000	0.9990310000	-0.0160710000
0.0000000000	0.0000000000	0.0000000000	1.0000000000
1	 2	 31	
0.9991127949	0.0403348568	0.0120661392	0.6009666123
-0.0403607237	0.9991834817	0.0018558818	-0.0037273443
-0.0119826842	-0.0023425904	0.9999245279	0.0042105792
0.0000000000	0.0000000000	0.0000000000	1.0000000000
1	 3	 31	
0.9985881795	0.0525087488	-0.0078141242	1.2707052802
-0.0524940226	0.9986194111	0.0018910596	0.0233189392
0.0079017742	-0.0014787866	0.9999671221	0.0106332858
0.0000000000	0.0000000000	0.0000000000	1.0000000000
1	 4	 31	
0.9999429256	0.0090552531	-0.0054633017	1.8457025508
-0.0090433729	0.9999574910	0.0020591706	0.0041475296
0.0054812977	-0.0020104111	0.9999828729	0.0199200428
0.0000000000	0.0000000000	0.0000000000	1.0000000000
1	 17	 31	
-0.9994095999	-0.0070809579	-0.0336099389	1.4298147135
0.0075068174	-0.9998930889	-0.0125863746	-3.6473429463
-0.0335155366	-0.0128295757	0.9993561587	0.0092474505
0.0000000000	0.0000000000	0.0000000000	1.0000000000
1	 18	 31	
-0.9917072805	-0.1263247634	-0.0235840965	0.8070297890
0.1266382831	-0.9918730903	-0.0123175749	-3.5953392849
-0.0218358272	-0.0152006183	0.9996460826	0.0059905708
0.0000000000	0.0000000000	0.0000000000	1.0000000000
1	 19	 31	
-0.9844303118	-0.1756649680	-0.0061322872	0.1367044965
0.1756590411	-0.9844504192	0.0014726706	-3.4529181951
-0.0062943936	0.0003724315	0.9999799312	0.0045045004
0.0000000000	0.0000000000	0.0000000000	1.0000000000
1	 20	 31	
-0.7432719318	-0.6660105237	-0.0630529104	-0.2001088412
0.6652968575	-0.7457689136	0.0347816071	-3.3388802857
-0.0701880064	-0.0160957916	0.9974037582	-0.0004880787
0.0000000000	0.0000000000	0.0000000000	1.0000000000
1	 21	 31	
-0.4110845342	-0.9096083450	-0.0601688924	-0.2847325508
0.9087968673	-0.4140974114	0.0511083419	-3.2212171027
-0.0714055094	-0.0336707238	0.9968784085	-0.0031895042
0.0000000000	0.0000000000	0.0000000000	1.0000000000
1	 23	 31	
0.0666950117	-0.9975376503	-0.0216563589	-0.2674549288
0.9975558127	0.0662120277	0.0223349688	-2.4937048332
-0.0208476232	-0.0230930602	0.9995155140	-0.0214536743
0.0000000000	0.0000000000	0.0000000000	1.0000000000
1	 24	 31	
0.0937897373	-0.9953902888	-0.0199988849	-0.2245858505
0.9950976171	0.0930918092	0.0333723115	-1.9996239156
-0.0313583045	-0.0230312503	0.9992427202	-0.0249933971
0.0000000000	0.0000000000	0.0000000000	1.0000000000
1	 25	 31	
0.0700295063	-0.9975365068	0.0040749416	-0.1837434280
0.9971030174	0.0701196517	0.0294765971	-1.4833450708
-0.0296905689	0.0020001840	0.9995576208	-0.0321700541
0.0000000000	0.0000000000	0.0000000000	1.0000000000
1	 26	 31	
0.0676254125	-0.9976932868	-0.0057989191	-0.1167618224
0.9967076753	0.0672950846	0.0452203471	-0.9697395255
-0.0447255251	-0.0088377153	0.9989598330	-0.0480966351
0.0000000000	0.0000000000	0.0000000000	1.0000000000
1	 27	 31	
0.0051026159	-0.9999185345	-0.0115943547	-0.1271161160
0.9999404133	0.0049898520	0.0096719708	-0.2827716828
-0.0096143501	-0.0116427068	0.9998864342	0.0001330448
0.0000000000	0.0000000000	0.0000000000	1.0000000000
1	 28	 31	
0.0308456332	-0.9994837419	-0.0088843932	-0.0799971972
0.9994074632	0.0307053655	0.0155534894	0.3103081734
-0.0152735496	-0.0093583814	0.9998389841	-0.0002051503
0.0000000000	0.0000000000	0.0000000000	1.0000000000
1	 29	 31	
0.0469800531	-0.9988454476	-0.0099468692	-0.0050285170
0.9988030129	0.0468376209	0.0140718628	0.9938839917
-0.0135908837	-0.0105956198	0.9998514825	-0.0060364118
0.0000000000	0.0000000000	0.0000000000	1.0000000000
1	 30	 31	
0.2001604225	-0.9794783101	0.0235694611	0.1151937233
0.9789163973	0.2009294501	0.0367228860	1.5136661057
-0.0407067769	0.0157228001	0.9990472889	-0.0201483711
0.0000000000	0.0000000000	0.0000000000	1.0000000000
2	 3	 31	
0.9997273065	0.0121755209	-0.0198645773	0.6679766571
-0.0121911062	0.9999254076	-0.0007668309	0.0540234044
0.0198541304	0.0010096007	0.9998027520	0.0145545131
0.0000000000	0.0000000000	0.0000000000	1.0000000000
2	 4	 31	
0.9993561787	-0.0312871054	-0.0175228117	1.2431269057
0.0312843747	0.9995109211	-0.0005040725	0.0580387083
0.0175308767	-0.0000438732	0.9998471824	0.0307437420
0.0000000000	0.0000000000	0.0000000000	1.0000000000
2	 5	 31	
0.9869000547	0.1609075742	-0.0116874775	1.8887785666
-0.1609127181	0.9869687687	0.0003645669	0.0209457750
0.0115940122	0.0015209128	0.9999327642	0.0466218928
0.0000000000	0.0000000000	0.0000000000	1.0000000000
2	 6	 31	
0.7753531678	0.6315155787	-0.0037824180	2.3469636615
-0.6315199381	0.7753068707	-0.0090899340	-0.1519325375
-0.0028077211	0.0094364689	0.9999530219	0.0536179925
0.0000000000	0.0000000000	0.0000000000	1.0000000000
2	 7	 31	
0.4065048467	0.9135687794	-0.0120562809	2.6033904939
-0.9136212083	0.4063581133	-0.0129937550	-0.3826329059
-0.0069721580	0.0162979472	0.9998435850	0.0560419763
0.0000000000	0.0000000000	0.0000000000	1.0000000000
2	 17	 31	
-0.9984254192	0.0334348564	-0.0450459025	0.9751101253
-0.0327325287	-0.9993321935	-0.0162715001	-3.6072201641
-0.0455594705	-0.0147710772	0.9988536561	0.0082716928
0.0000000000	0.0000000000	0.0000000000	1.0000000000
2	 18	 31	
-0.9956780272	-0.0859985650	-0.0350432667	0.3508172072
0.0865849909	-0.9961229508	-0.0155992013	-3.5803716820
-0.0335664227	-0.0185660213	0.9992650443	-0.0024038025
0.0000000000	0.0000000000	0.0000000000	1.0000000000
2	 19	 31	
-0.9905722001	-0.1357812162	-0.0181674979	-0.3246444293
0.1358228546	-0.9907329628	-0.0011170705	-3.4651013129
-0.0178472771	-0.0035757434	0.9998350787	-0.0117143877
0.0000000000	0.0000000000	0.0000000000	1.0000000000
2	 20	 31	
-0.7686238261	-0.6351281745	-0.0763511698	-0.6657020790
0.6349376860	-0.7719861311	0.0298747769	-3.3647303672
-0.0779166646	-0.0255167051	0.9966340687	-0.0205592924
0.0000000000	0.0000000000	0.0000000000	1.0000000000
2	 21	 31	
-0.4465438914	-0.8916858745	-0.0741223622	-0.7549673374
0.8916406582	-0.4503699509	0.0463057383	-3.2505702781
-0.0746731907	-0.0454139739	0.9961738824	-0.0240631895
0.0000000000	0.0000000000	0.0000000000	1.0000000000
2	 22	 31	
-0.0935992436	-0.9929996390	-0.0720456855	-0.7943873035
0.9951966305	-0.0954022944	0.0219964007	-3.1317476908
-0.0287149239	-0.0696417102	0.9971594301	-0.0317629915
0.0000000000	0.0000000000	0.0000000000	1.0000000000
2	 23	 31	
0.0266242068	-0.9990493551	-0.0345142543	-0.7668486897
0.9994802347	0.0259758498	0.0191031085	-2.5229124034
-0.0181885937	-0.0350061443	0.9992221047	-0.0407663863
0.0000000000	0.0000000000	0.0000000000	1.0000000000
2	 24	 31	
0.0539200697	-0.9979895087	-0.0333004492	-0.7439163614
0.9981415336	0.0529201525	0.0301989323	-2.0274974994
-0.0283761022	-0.0348685048	0.9989898310	-0.0428709229
0.0000000000	0.0000000000	0.0000000000	1.0000000000
2	 25	 31	
0.0300799728	-0.9995065783	-0.0090944963	-0.7238612286
0.9991830111	0.0298215799	0.0272766915	-1.5099760252
-0.0269914907	-0.0099074757	0.9995879834	-0.0485953568
0.0000000000	0.0000000000	0.0000000000	1.0000000000
2	 26	 31	
0.0278741059	-0.9994193658	-0.0195878651	-0.6774773435
0.9987262219	0.0270183695	0.0426107183	-0.9940508451
-0.0420550860	-0.0207517151	0.9989003264	-0.0627586018
0.0000000000	0.0000000000	0.0000000000	1.0000000000
2	 27	 31	
-0.0351444447	-0.9990943860	-0.0239545300	-0.7161264402
0.9993522284	-0.0353191765	0.0068554381	-0.3081745153
-0.0076949827	-0.0236990663	0.9996909029	-0.0133815880
0.0000000000	0.0000000000	0.0000000000	1.0000000000
2	 28	 31	
-0.0093349233	-0.9997252299	-0.0214837802	-0.6929820070
0.9998713204	-0.0096124718	0.0128415729	0.2863224127
-0.0130441025	-0.0213619034	0.9996870818	-0.0120496873
0.0000000000	0.0000000000	0.0000000000	1.0000000000
2	 29	 31	
0.0067894345	-0.9997237773	-0.0224856658	-0.6455991050
0.9999142140	0.0065352533	0.0113182713	0.9723776021
-0.0111679815	-0.0225613874	0.9996840062	-0.0157063042
0.0000000000	0.0000000000	0.0000000000	1.0000000000
2	 30	 31	
0.1609615826	-0.9869083015	0.0100964021	-0.5462927915
0.9862859283	0.1612208228	0.0353045793	1.4966175464
-0.0364703136	0.0042749866	0.9993263964	-0.0274011104
0.0000000000	0.0000000000	0.0000000000	1.0000000000
3	 4	 31	
0.9990527426	-0.0434667439	0.0023388111	0.5752672963
0.0434653739	0.9990553900	0.0002912910	0.0110329199
-0.0023487927	-0.0001895632	0.9999977007	0.0047575965
0.0000000000	0.0000000000	0.0000000000	1.0000000000
3	 5	 31	
0.9888256098	0.1488599989	0.0081636762	1.2215120192
-0.1488749950	0.9888554318	0.0012309883	-0.0181813945
-0.0078895123	-0.0024334022	0.9999666801	0.0078352222
0.0000000000	0.0000000000	0.0000000000	1.0000000000
3	 6	 31	
0.7827881566	0.6220788276	0.0161822823	1.6818201450
-0.6220368756	0.7829462601	-0.0081265542	-0.1854620337
-0.0177247865	-0.0037055593	0.9998371572	0.0058608015
0.0000000000	0.0000000000	0.0000000000	1.0000000000
3	 7	 31	
0.4173965345	0.9086907019	0.0079560824	1.9410387863
-0.9086114582	0.4174655375	-0.0121309160	-0.4130211263
-0.0143446979	-0.0021652171	0.9998950986	0.0033674766
0.0000000000	0.0000000000	0.0000000000	1.0000000000
3	 8	 31	
0.1841970089	0.9828824629	0.0039259011	2.1377369162
-0.9828466651	0.1842239216	-0.0086187422	-0.7588578133
-0.0091945851	-0.0022710837	0.9999561276	0.0025322977
0.0000000000	0.0000000000	0.0000000000	1.0000000000
3	 13	 31	
-0.7456711264	0.6663041693	0.0039484326	2.0301332261
-0.6663029597	-0.7456127309	-0.0101266247	-3.1755185216
-0.0038035946	-0.0101804574	0.9999411501	-0.0009022904
0.0000000000	0.0000000000	0.0000000000	1.0000000000
3	 17	 31	
-0.9986610503	0.0453176026	-0.0250043128	0.3515679602
-0.0449303643	-0.9988654753	-0.0158110138	-3.6572377086
-0.0256916296	-0.0146652561	0.9995632196	-0.0095724347
0.0000000000	0.0000000000	0.0000000000	1.0000000000
3	 18	 31	
-0.9971311540	-0.0741980218	-0.0150044097	-0.2730955863
0.0744237922	-0.9971142217	-0.0150165832	-3.6380018219
-0.0138471203	-0.0160893704	0.9997753083	-0.0078648622
0.0000000000	0.0000000000	0.0000000000	1.0000000000
3	 19	 31	
-0.9923149885	-0.1237353289	0.0017015332	-0.9499650708
0.1237359933	-0.9923155424	-0.0003295215	-3.5309721737
0.0017296914	-0.0001172666	0.9999988767	-0.0038440565
0.0000000000	0.0000000000	0.0000000000	1.0000000000
3	 20	 31	
-0.7777049903	-0.6260501910	-0.0569078585	-1.2923300102
0.6254548537	-0.7796859679	0.0299484851	-3.4347695043
-0.0631199182	-0.0123022780	0.9979305286	-0.0059891525
0.0000000000	0.0000000000	0.0000000000	1.0000000000
3	 21	 31	
-0.4587777158	-0.8868551285	-0.0548891353	-1.3830326891
0.8860627709	-0.4612370704	0.0464048880	-3.3217081414
-0.0664722392	-0.0273459651	0.9974135458	-0.0078067321
0.0000000000	0.0000000000	0.0000000000	1.0000000000
3	 22	 31	
-0.1062786685	-0.9929507156	-0.0524970446	-1.4240436995
0.9939539423	-0.1075536950	0.0221236397	-3.2033820703
-0.0276137968	-0.0498287795	0.9983763050	-0.0148131402
0.0000000000	0.0000000000	0.0000000000	1.0000000000
3	 23	 31	
0.0140690532	-0.9997911364	-0.0148995244	-1.4041149195
0.9997113842	0.0137766824	0.0196895327	-2.5942660741
-0.0194810744	-0.0151730625	0.9996952311	-0.0248291432
0.0000000000	0.0000000000	0.0000000000	1.0000000000
3	 24	 31	
0.0411716030	-0.9990573806	-0.0138259523	-1.3872712562
0.9986947918	0.0407320146	0.0307990701	-2.0986111096
-0.0302077700	-0.0150771863	0.9994303741	-0.0277690896
0.0000000000	0.0000000000	0.0000000000	1.0000000000
3	 25	 31	
0.0173527388	-0.9997968244	0.0104209670	-1.3736454291
0.9994473712	0.0176418787	0.0281723217	-1.5808899024
-0.0283506491	0.0099267676	0.9995498006	-0.0342880300
0.0000000000	0.0000000000	0.0000000000	1.0000000000
3	 26	 31	
0.0148539684	-0.9998907545	-0.0002701896	-1.3338460423
0.9989485669	0.0148289996	0.0433767692	-1.0644528704
-0.0433670919	-0.0009149055	0.9990589599	-0.0497659055
0.0000000000	0.0000000000	0.0000000000	1.0000000000
3	 27	 31	
-0.0474730094	-0.9988642853	-0.0041840079	-1.3798673924
0.9988420334	-0.0475029100	0.0075717982	-0.3790484245
-0.0077624101	-0.0038202791	0.9999635690	-0.0001573774
0.0000000000	0.0000000000	0.0000000000	1.0000000000
3	 28	 31	
-0.0217829915	-0.9997620038	-0.0017869916	-1.3639515807
0.9996698824	-0.0218034462	0.0135875599	0.2156872163
-0.0136235748	-0.0014907794	0.9999060724	0.0002581651
0.0000000000	0.0000000000	0.0000000000	1.0000000000
3	 29	 31	
-0.0056262655	-0.9999812582	-0.0027700937	-1.3250192773
0.9999109551	-0.0056581188	0.0120521724	0.9022643179
-0.0120681681	-0.0027024497	0.9999240692	-0.0048655982
0.0000000000	0.0000000000	0.0000000000	1.0000000000
3	 30	 31	
0.1481680494	-0.9885225516	0.0295036008	-1.2323641379
0.9881349746	0.1491989847	0.0364329665	1.4276622340
-0.0404176555	0.0237552966	0.9989008765	-0.0189332085
0.0000000000	0.0000000000	0.0000000000	1.0000000000
4	 5	 31	
0.9814352917	0.1917062529	0.0058602584	0.6443547412
-0.1917129035	0.9814504593	0.0006856315	-0.0572768726
-0.0056206789	-0.0017970812	0.9999828738	0.0045802344
0.0000000000	0.0000000000	0.0000000000	1.0000000000
4	 6	 31	
0.7550498396	0.6555291798	0.0134648276	1.0969598928
-0.6554698799	0.7551673670	-0.0090115734	-0.2444066528
-0.0160756209	-0.0020227098	0.9998693739	0.0036334143
0.0000000000	0.0000000000	0.0000000000	1.0000000000
4	 7	 31	
0.3775405367	0.9259795706	0.0050722394	1.3460474271
-0.9258920344	0.3775741259	-0.0126546004	-0.4830172531
-0.0136334798	0.0000812913	0.9999069124	0.0016799081
0.0000000000	0.0000000000	0.0000000000	1.0000000000
4	 8	 31	
0.1413233685	0.9899631038	0.0011983977	1.5275287815
-0.9899217920	0.1413282817	-0.0089705840	-0.8370764042
-0.0090503193	0.0000809253	0.9999595410	0.0012038736
0.0000000000	0.0000000000	0.0000000000	1.0000000000
4	 9	 31	
-0.0036145786	0.9999931735	0.0013330785	1.5472407855
-0.9999658923	-0.0036056579	-0.0073956714	-1.5348577318
-0.0073905019	-0.0013600999	0.9999715149	0.0019264073
0.0000000000	0.0000000000	0.0000000000	1.0000000000
4	 13	 31	
-0.7739165858	0.6332872412	0.0011554012	1.3149923216
-0.6332608981	-0.7738672255	-0.0104780171	-3.2467740815
-0.0057414204	-0.0088397140	0.9999441768	-0.0031867187
0.0000000000	0.0000000000	0.0000000000	1.0000000000
4	 14	 31	
-0.9495328531	0.3135954892	0.0067991722	1.1030043156
-0.3136180402	-0.9495454446	-0.0026375715	-3.4750107060
0.0056285910	-0.0046358806	0.9999735084	-0.0034337004
0.0000000000	0.0000000000	0.0000000000	1.0000000000
4	 17	 31	
-0.9996064825	0.0018922560	-0.0280160751	-0.3828990430
-0.0014753206	-0.9998879013	-0.0148985024	-3.6550757617
-0.0280398422	-0.0148503877	0.9994968895	-0.0159222861
0.0000000000	0.0000000000	0.0000000000	1.0000000000
4	 18	 31	
-0.9929179995	-0.1174305503	-0.0179916236	-1.0061380414
0.1176972286	-0.9929431812	-0.0145395179	-3.6087068318
-0.0161570050	-0.0165534540	0.9997325921	-0.0156697824
0.0000000000	0.0000000000	0.0000000000	1.0000000000
4	 19	 31	
-0.9859995851	-0.1667498173	-0.0006636606	-1.6777228433
0.1667505096	-0.9859988810	-0.0005925258	-3.4723584223
-0.0005546088	-0.0006958381	0.9999995048	-0.0132005380
0.0000000000	0.0000000000	0.0000000000	1.0000000000
4	 20	 31	
-0.7496330028	-0.6593174578	-0.0578965384	-2.0155764760
0.6586789901	-0.7517345079	0.0322047496	-3.3613651232
-0.0647559383	-0.0139934114	0.9978029406	-0.0161181485
0.0000000000	0.0000000000	0.0000000000	1.0000000000
4	 21	 31	
-0.4196727152	-0.9059979566	-0.0551632192	-2.1012745197
0.9051786431	-0.4222477812	0.0485579430	-3.2444678588
-0.0672865296	-0.0295540772	0.9972954767	-0.0181148602
0.0000000000	0.0000000000	0.0000000000	1.0000000000
4	 22	 31	
-0.0629096654	-0.9965668531	-0.0538310709	-2.1370869974
0.9976387456	-0.0642830664	0.0241954993	-3.1244697748
-0.0275725063	-0.0521818141	0.9982567487	-0.0251826535
0.0000000000	0.0000000000	0.0000000000	1.0000000000
4	 23	 31	
0.0575550626	-0.9982084393	-0.0163781091	-2.0906776721
0.9981581823	0.0572233387	0.0201292347	-2.5167941085
-0.0191567195	-0.0175068400	0.9996628766	-0.0349744802
0.0000000000	0.0000000000	0.0000000000	1.0000000000
4	 24	 31	
0.0846129201	-0.9963039606	-0.0148220443	-2.0522988730
0.9959665459	0.0841212694	0.0311816529	-2.0223394232
-0.0298203017	-0.0174013915	0.9994037690	-0.0377305586
0.0000000000	0.0000000000	0.0000000000	1.0000000000
4	 25	 31	
0.0608449952	-0.9981050828	0.0092874233	-2.0161673161
0.9977533701	0.0610803744	0.0275034519	-1.5056988181
-0.0280186639	0.0075940217	0.9995791268	-0.0440667121
0.0000000000	0.0000000000	0.0000000000	1.0000000000
4	 26	 31	
0.0583621912	-0.9982957189	-0.0007315619	-1.9539217945
0.9973664923	0.0582762910	0.0431583151	-0.9914771344
-0.0430410462	-0.0032486556	0.9990677200	-0.0593009432
0.0000000000	0.0000000000	0.0000000000	1.0000000000
4	 27	 31	
-0.0039939490	-0.9999727248	-0.0062000969	-1.9702241599
0.9999624151	-0.0040407413	0.0075571490	-0.3047298690
-0.0075822524	-0.0061697879	0.9999527380	-0.0096004097
0.0000000000	0.0000000000	0.0000000000	1.0000000000
4	 28	 31	
0.0217214564	-0.9997580082	-0.0035437371	-1.9284735616
0.9996739516	0.0216729991	0.0134630444	0.2887514924
-0.0133830850	-0.0038349042	0.9999026000	-0.0089743000
0.0000000000	0.0000000000	0.0000000000	1.0000000000
4	 29	 31	
0.0378696834	-0.9992724331	-0.0045926864	-1.8597232949
0.9992122354	0.0378128182	0.0119718369	0.9729880825
-0.0117898333	-0.0050423772	0.9999178504	-0.0138068882
0.0000000000	0.0000000000	0.0000000000	1.0000000000
4	 30	 31	
0.1910728791	-0.9811557112	0.0287125414	-1.7442859687
0.9807679522	0.1920204099	0.0349269644	1.4938644871
-0.0397830388	0.0214872146	0.9989772341	-0.0275046527
0.0000000000	0.0000000000	0.0000000000	1.0000000000
5	 6	 31	
0.8667847014	0.4985946067	0.0093231090	0.4800829323
-0.4985353743	0.8668321218	-0.0080592889	-0.0968900345
-0.0120998182	0.0023375380	0.9999244179	0.0015774797
0.0000000000	0.0000000000	0.0000000000	1.0000000000
5	 7	 31	
0.5481138741	0.8364018265	0.0017845395	0.7703018721
-0.8363165542	0.5480859366	-0.0132437160	-0.2833196523
-0.0120558430	0.0057674911	0.9999102673	0.0009201605
0.0000000000	0.0000000000	0.0000000000	1.0000000000
5	 8	 31	
0.3285317979	0.9444889777	-0.0027239537	1.0162945073
-0.9444510371	0.3284882113	-0.0103707663	-0.5960195163
-0.0089011552	0.0059800169	0.9999427187	0.0012648305
0.0000000000	0.0000000000	0.0000000000	1.0000000000
5	 9	 31	
0.1882009542	0.9821267156	-0.0028937725	1.1694105393
-0.9820972417	0.1881680531	-0.0087992691	-1.2770801327
-0.0080977319	0.0044983493	0.9999565623	0.0016240652
0.0000000000	0.0000000000	0.0000000000	1.0000000000
5	 10	 31	
0.1371037865	0.9905347296	0.0066634794	1.3100241224
-0.9904285869	0.1371907666	-0.0151514350	-1.9301608108
-0.0159213221	-0.0045222553	0.9998627528	-0.0004636505
0.0000000000	0.0000000000	0.0000000000	1.0000000000
5	 11	 31	
0.1635653300	0.9864882487	0.0093461393	1.3874522704
-0.9864364965	0.1636746392	-0.0124039345	-2.4829789045
-0.0137664134	-0.0071891667	0.9998788755	-0.0042146236
0.0000000000	0.0000000000	0.0000000000	1.0000000000
5	 12	 31	
-0.2408301319	0.9705118659	0.0104188841	1.3508260027
-0.9704556809	-0.2406267299	-0.0177362258	-2.7500582612
-0.0147067291	-0.0143816214	0.9997883646	-0.0057117829
0.0000000000	0.0000000000	0.0000000000	1.0000000000
5	 13	 31	
-0.6381115656	0.7699403789	-0.0024770705	1.2696999713
-0.7698684815	-0.6380921564	-0.0118584531	-3.0017564127
-0.0107117402	-0.0056589267	0.9999260683	-0.0060248803
0.0000000000	0.0000000000	0.0000000000	1.0000000000
5	 14	 31	
-0.8718111616	0.4898401061	0.0015586376	1.1054050389
-0.4898417242	-0.8718060117	-0.0030815492	-3.2663983537
-0.0001518675	-0.0034494119	0.9999938573	-0.0076709223
0.0000000000	0.0000000000	0.0000000000	1.0000000000
5	 15	 31	
-0.9707968903	0.2259287595	-0.0806806492	0.7103716616
-0.2262832894	-0.9740486801	-0.0048354191	-3.4494732928
-0.0796795142	0.0135623150	0.9967285699	-0.0305588842
0.0000000000	0.0000000000	0.0000000000	1.0000000000
5	 18	 31	
-0.9969573339	0.0752031796	-0.0204887881	-0.9388799636
-0.0748049417	-0.9970075041	-0.0195148310	-3.8019271790
-0.0218953875	-0.0179227714	0.9995994808	-0.0323600855
0.0000000000	0.0000000000	0.0000000000	1.0000000000
5	 20	 31	
-0.8616293779	-0.5028806663	-0.0686035080	-1.9769938951
0.5028686023	-0.8641604018	0.0187158467	-3.7526876891
-0.0686963612	-0.0183732232	0.9974680591	-0.0385549753
0.0000000000	0.0000000000	0.0000000000	1.0000000000
5	 21	 31	
-0.5850380336	-0.8080610007	-0.0690532089	-2.0835004670
0.8080557598	-0.5880474090	0.0352906101	-3.6543839615
-0.0691238825	-0.0351532995	0.9969878455	-0.0409737079
0.0000000000	0.0000000000	0.0000000000	1.0000000000
5	 23	 31	
-0.1347661406	-0.9905483111	-0.0255513030	-2.2125104325
0.9907114499	-0.1351688875	0.0148202981	-2.9381460272
-0.0181341184	-0.0233177028	0.9995630129	-0.0572715929
0.0000000000	0.0000000000	0.0000000000	1.0000000000
5	 24	 31	
-0.1077305287	-0.9938364772	-0.0261415680	-2.2696222685
0.9937667674	-0.1084049751	0.0259664775	-2.4455005680
-0.0286404314	-0.0231826367	0.9993206141	-0.0594633923
0.0000000000	0.0000000000	0.0000000000	1.0000000000
5	 25	 31	
-0.1314098741	-0.9913273887	-0.0017755293	-2.3331728439
0.9909607649	-0.1314086727	0.0269781105	-1.9315050923
-0.0269769017	0.0017859674	0.9996347489	-0.0652331503
0.0000000000	0.0000000000	0.0000000000	1.0000000000
5	 26	 31	
-0.1336879866	-0.9909159680	-0.0146068806	-2.3705805250
0.9901320816	-0.1341778117	0.0404228147	-1.4148614893
-0.0420138353	-0.0090595597	0.9990753728	-0.0797494361
0.0000000000	0.0000000000	0.0000000000	1.0000000000
5	 27	 31	
-0.1955834106	-0.9805984104	-0.0131536418	-2.5185182253
0.9806621277	-0.1956551730	0.0044320734	-0.7440671973
-0.0069193530	-0.0120332310	0.9999038949	-0.0296740836
0.0000000000	0.0000000000	0.0000000000	1.0000000000
5	 28	 31	
-0.1702575204	-0.9853304718	-0.0116785563	-2.5913246131
0.9853192252	-0.1703814273	0.0107377501	-0.1535915847
-0.0125695645	-0.0096794854	0.9998733792	-0.0283960407
0.0000000000	0.0000000000	0.0000000000	1.0000000000
6	 7	 31	
0.8921760354	0.4516709746	-0.0039495315	0.3445071625
-0.4516871048	0.8921377060	-0.0082527536	-0.0169029184
-0.0002048548	0.0091479133	0.9999573488	0.0035509345
0.0000000000	0.0000000000	0.0000000000	1.0000000000
6	 8	 31	
0.7557161776	0.6548339190	-0.0092900859	0.7136176334
-0.6548966973	0.7556756267	-0.0080102262	-0.1653095857
0.0017738532	0.0121378851	0.9999246110	0.0087090702
0.0000000000	0.0000000000	0.0000000000	1.0000000000
6	 9	 31	
0.6528376961	0.7574302015	-0.0102208962	1.1858645985
-0.7574960232	0.6528041730	-0.0067326408	-0.6793308741
0.0015722801	0.0121380799	0.9999242056	0.0159845015
0.0000000000	0.0000000000	0.0000000000	1.0000000000
6	 10	 31	
0.6127955544	0.7902412567	0.0012311017	1.6333552525
-0.7902129871	0.6127865441	-0.0074739207	-1.1753376414
-0.0066599578	0.0036073810	0.9999706994	0.0204711151
0.0000000000	0.0000000000	0.0000000000	1.0000000000
6	 11	 31	
0.6337157602	0.7735629571	0.0021864715	1.9761134133
-0.7735538817	0.6337198181	-0.0037547009	-1.6159414452
-0.0042906806	0.0006895123	0.9999896895	0.0218974894
0.0000000000	0.0000000000	0.0000000000	1.0000000000
6	 12	 31	
0.2752360994	0.9613602930	0.0057757402	2.0775328378
-0.9613330068	0.2752759525	-0.0078422470	-1.8657195173
-0.0091299600	-0.0033930611	0.9999521601	0.0222113761
0.0000000000	0.0000000000	0.0000000000	1.0000000000
6	 13	 31	
-0.1691696951	0.9855527776	-0.0083342256	2.1326981243
-0.9855308809	-0.1692433139	-0.0091767447	-2.1243492681
-0.0104557371	0.0066621989	0.9999222529	0.0231703980
0.0000000000	0.0000000000	0.0000000000	1.0000000000
6	 14	 31	
-0.5114679953	0.8592537914	-0.0092125476	2.1222428912
-0.8592915614	-0.5114853939	0.0004436981	-2.4356698329
-0.0043322379	0.0081436348	0.9999569288	0.0221254943
0.0000000000	0.0000000000	0.0000000000	1.0000000000
6	 15	 31	
-0.7276982109	0.6812650290	-0.0795824773	1.8713799816
-0.6803704343	-0.7316577376	-0.0420883533	-2.7913802454
-0.0869007066	0.0235175533	0.9959392947	-0.0029682732
0.0000000000	0.0000000000	0.0000000000	1.0000000000
6	 19	 31	
-0.8537701883	0.5203998362	-0.0161882450	0.0210731148
-0.5204254517	-0.8539019703	-0.0029041045	-4.2564938336
-0.0153341674	0.0059434928	0.9998640028	-0.0251081205
0.0000000000	0.0000000000	0.0000000000	1.0000000000
6	 20	 31	
-0.9967140828	-0.0048530096	-0.0808642679	-0.3067292246
0.0061377164	-0.9998585642	-0.0156500335	-4.3941422072
-0.0807768728	-0.0160959529	0.9966015240	-0.0335748859
0.0000000000	0.0000000000	0.0000000000	1.0000000000
6	 21	 31	
-0.9091100921	-0.4068278039	-0.0895113520	-0.4480261425
0.4085897626	-0.9127156827	-0.0015078419	-4.3620387171
-0.0810851721	-0.0379452023	0.9959835776	-0.0377786464
0.0000000000	0.0000000000	0.0000000000	1.0000000000
6	 22	 31	
-0.7009794074	-0.7094833913	-0.0725521048	-0.5536079347
0.7122007633	-0.7017172231	-0.0190342436	-4.2948819141
-0.0374054962	-0.0650150631	0.9971821858	-0.0464090211
0.0000000000	0.0000000000	0.0000000000	1.0000000000
6	 23	 31	
-0.6104982674	-0.7909241462	-0.0416305307	-0.9167225934
0.7915441069	-0.6111057699	0.0024436980	-3.8055427026
-0.0273733698	-0.0314616361	0.9991290951	-0.0610502627
0.0000000000	0.0000000000	0.0000000000	1.0000000000
6	 24	 31	
-0.5884602540	-0.8071186628	-0.0476959918	-1.2118007996
0.8076478165	-0.5895451059	0.0118106914	-3.4069827336
-0.0376514467	-0.0315729280	0.9987913841	-0.0677446098
0.0000000000	0.0000000000	0.0000000000	1.0000000000
6	 25	 31	
-0.6076064005	-0.7937777896	-0.0270840031	-1.5230604490
0.7934129668	-0.6081760536	0.0248371297	-2.9931345788
-0.0361861967	-0.0063974484	0.9993245107	-0.0782487327
0.0000000000	0.0000000000	0.0000000000	1.0000000000
6	 26	 31	
-0.6089859621	-0.7919094337	-0.0449019176	-1.8128741742
0.7915236292	-0.6103966535	0.0300924706	-2.5639766707
-0.0512365438	-0.0172159956	0.9985371971	-0.0972763230
0.0000000000	0.0000000000	0.0000000000	1.0000000000
6	 27	 31	
-0.6583395411	-0.7522817262	-0.0257096508	-2.2761247677
0.7525360574	-0.6585498563	-0.0003789357	-2.0561547639
-0.0166454815	-0.0195977990	0.9996692558	-0.0539899997
0.0000000000	0.0000000000	0.0000000000	1.0000000000
7	 8	 31	
0.9700407712	0.2428948488	-0.0048742553	0.3963440593
-0.2429077588	0.9700469340	-0.0021960998	0.0343640667
0.0041948487	0.0033138794	0.9999863528	0.0049251793
0.0000000000	0.0000000000	0.0000000000	1.0000000000
7	 9	 31	
0.9245980057	0.3808946387	-0.0062817724	1.0498474645
-0.3809095020	0.9246110527	-0.0014767400	-0.2108475895
0.0052464393	0.0037580065	0.9999790781	0.0145780706
0.0000000000	0.0000000000	0.0000000000	1.0000000000
7	 10	 31	
0.9036529131	0.4282451153	0.0042702447	1.6731274998
-0.4282586882	0.9036515401	0.0030348854	-0.4511949966
-0.0025572758	-0.0045716119	0.9999864620	0.0213913340
0.0000000000	0.0000000000	0.0000000000	1.0000000000
7	 11	 31	
0.9147922144	0.4039104142	0.0034426708	2.1779434567
-0.4039257633	0.9147671352	0.0067846289	-0.6894478258
-0.0004082206	-0.0075962791	0.9999709796	0.0251007967
0.0000000000	0.0000000000	0.0000000000	1.0000000000
7	 12	 31	
0.6797838460	0.7333644602	0.0084912352	2.3812492239
-0.7334094668	0.6797707720	0.0047587948	-0.8664733884
-0.0022816340	-0.0094617155	0.9999530158	0.0270758304
0.0000000000	0.0000000000	0.0000000000	1.0000000000
7	 13	 31	
0.2942257725	0.9557305337	-0.0034945563	2.5472862217
-0.9557342168	0.2942171693	-0.0028050836	-1.0722815779
-0.0016525602	0.0041666895	0.9999898485	0.0299517039
0.0000000000	0.0000000000	0.0000000000	1.0000000000
7	 14	 31	
-0.0681866773	0.9976360463	-0.0086236231	2.6785783931
-0.9976611748	-0.0681419634	0.0053812859	-1.3547544044
0.0047805155	0.0089717448	0.9999485837	0.0315177997
0.0000000000	0.0000000000	0.0000000000	1.0000000000
7	 15	 31	
-0.3419018558	0.9382848644	-0.0521939434	2.6154398569
-0.9364587613	-0.3448176768	-0.0643839166	-1.7856340208
-0.0784074474	0.0268652736	0.9965600855	0.0103518446
0.0000000000	0.0000000000	0.0000000000	1.0000000000
7	 20	 31	
-0.8920003683	0.4472979950	-0.0652795422	1.3961379434
-0.4454490401	-0.8943511585	-0.0413701719	-4.1995857117
-0.0768879536	-0.0078232085	0.9970091255	0.0015776986
0.0000000000	0.0000000000	0.0000000000	1.0000000000
7	 21	 31	
-0.9956250110	0.0493087132	-0.0793820011	1.2555762917
-0.0468409385	-0.9983674872	-0.0326646642	-4.2348029972
-0.0808640828	-0.0288033505	0.9963086231	-0.0023328588
0.0000000000	0.0000000000	0.0000000000	1.0000000000
7	 22	 31	
-0.9470822407	-0.3160133979	-0.0563351389	1.1310465531
0.3184279428	-0.9470757728	-0.0406296886	-4.2226569228
-0.0405141898	-0.0564184393	0.9975848704	-0.0111002292
0.0000000000	0.0000000000	0.0000000000	1.0000000000
7	 23	 31	
-0.9021976368	-0.4296078768	-0.0384493815	0.5860584954
0.4301725482	-0.9027152774	-0.0074842412	-3.9502406716
-0.0314947138	-0.0232926757	0.9992323022	-0.0283458900
0.0000000000	0.0000000000	0.0000000000	1.0000000000
7	 24	 31	
-0.8898076084	-0.4537949156	-0.0480917339	0.1427732404
0.4543991796	-0.8907957821	-0.0018702650	-3.7280093307
-0.0419923234	-0.0235179706	0.9988412431	-0.0371643754
0.0000000000	0.0000000000	0.0000000000	1.0000000000
7	 25	 31	
-0.9004599267	-0.4334822611	-0.0355862086	-0.3218534301
0.4330653891	-0.9011612119	0.0190658115	-3.4994823362
-0.0403340252	0.0017575703	0.9991854248	-0.0498547658
0.0000000000	0.0000000000	0.0000000000	1.0000000000
7	 26	 31	
-0.9008342764	-0.4308101325	-0.0538565422	-0.7742600571
0.4306190687	-0.9023973693	0.0156992822	-3.2476884088
-0.0553627113	-0.0090495823	0.9984251327	-0.0712793365
0.0000000000	0.0000000000	0.0000000000	1.0000000000
7	 27	 31	
-0.9272631869	-0.3737045119	-0.0229703120	-1.4169472408
0.3738616362	-0.9274798171	-0.0028064954	-3.0034815841
-0.0202563537	-0.0111903265	0.9997328636	-0.0303569083
0.0000000000	0.0000000000	0.0000000000	1.0000000000
7	 28	 31	
-0.9172084176	-0.3974634639	-0.0274349758	-1.9506937693
0.3975641708	-0.9175719450	0.0018831506	-2.7407377803
-0.0259225591	-0.0091799782	0.9996214651	-0.0370296011
0.0000000000	0.0000000000	0.0000000000	1.0000000000
8	 9	 31	
0.9894447620	0.1449038859	-0.0015401162	0.6935286379
-0.1449025055	0.9894459892	0.0003559099	-0.0791021350
0.0015760792	-0.0001287498	0.9999980064	0.0070058741
0.0000000000	0.0000000000	0.0000000000	1.0000000000
8	 10	 31	
0.9805959193	0.1958920200	0.0075998857	1.3565459254
-0.1959467611	0.9805878637	0.0072954547	-0.1608362360
-0.0060214656	-0.0086430172	0.9999440517	0.0113087960
0.0000000000	0.0000000000	0.0000000000	1.0000000000
8	 11	 31	
0.9854998533	0.1695736391	0.0058862004	1.9041265155
-0.1696298784	0.9854497116	0.0107318172	-0.2693231145
-0.0039801647	-0.0115734343	0.9999243700	0.0130807776
0.0000000000	0.0000000000	0.0000000000	1.0000000000
8	 12	 31	
0.8375585281	0.5462317639	0.0112755244	2.1443503418
-0.5463331041	0.8375087541	0.0099928744	-0.3916577279
-0.0039846377	-0.0145286764	0.9998862471	0.0144535295
0.0000000000	0.0000000000	0.0000000000	1.0000000000
8	 13	 31	
0.5175587655	0.8556467433	0.0014863045	2.3554172657
-0.8556465858	0.5175604250	-0.0002556093	-0.5509622522
-0.0009881448	-0.0011377675	0.9999981079	0.0169719596
0.0000000000	0.0000000000	0.0000000000	1.0000000000
8	 14	 31	
0.1762155653	0.9843366472	-0.0054777983	2.5513972356
-0.9843245460	0.1762496141	0.0064395922	-0.7930787591
0.0073033504	0.0042585896	0.9999638689	0.0185183151
0.0000000000	0.0000000000	0.0000000000	1.0000000000
8	 20	 31	
-0.7573956449	0.6511086511	-0.0490923574	1.9982838336
-0.6490237242	-0.7589421142	-0.0526826976	-3.8642962901
-0.0715609836	-0.0080395779	0.9974032564	0.0010758475
0.0000000000	0.0000000000	0.0000000000	1.0000000000
8	 21	 31	
-0.9547572375	0.2902214782	-0.0648898770	1.8704715519
-0.2875382306	-0.9565819691	-0.0476656845	-3.9326133906
-0.0759071895	-0.0268511548	0.9967523875	-0.0020722049
0.0000000000	0.0000000000	0.0000000000	1.0000000000
8	 22	 31	
-0.9962260755	-0.0767305443	-0.0405933826	1.7466855808
0.0787142634	-0.9956530274	-0.0497899353	-3.9511078336
-0.0365965211	-0.0527978127	0.9979337703	-0.0102591353
0.0000000000	0.0000000000	0.0000000000	1.0000000000
8	 23	 31	
-0.9797919764	-0.1975582642	-0.0312878481	1.1517811169
0.1980439161	-0.9801030033	-0.0132874741	-3.8192832960
-0.0280413110	-0.0192162677	0.9994212224	-0.0254463198
0.0000000000	0.0000000000	0.0000000000	1.0000000000
8	 24	 31	
-0.9737020183	-0.2239169373	-0.0420066321	0.6677580729
0.2245195697	-0.9744161902	-0.0101850286	-3.7114094479
-0.0386523490	-0.0193498392	0.9990648409	-0.0325919802
0.0000000000	0.0000000000	0.0000000000	1.0000000000
8	 25	 31	
-0.9788461000	-0.2015889843	-0.0349598577	0.1614875004
0.2012428926	-0.9794535314	0.0131626187	-3.6026250756
-0.0368953121	0.0058490763	0.9993020944	-0.0435192895
0.0000000000	0.0000000000	0.0000000000	1.0000000000
8	 26	 31	
-0.9786780476	-0.1987419752	-0.0518682456	-0.3386174911
0.1987291097	-0.9800394336	0.0054566352	-3.4683314461
-0.0519165778	-0.0049682250	0.9986382581	-0.0632912982
0.0000000000	0.0000000000	0.0000000000	1.0000000000
8	 27	 31	
-0.9903810793	-0.1372635088	-0.0174066917	-1.0211977260
0.1373686383	-0.9905070125	-0.0049883938	-3.3874092174
-0.0165573039	-0.0073322061	0.9998360579	-0.0197731217
0.0000000000	0.0000000000	0.0000000000	1.0000000000
8	 28	 31	
-0.9864088420	-0.1627089041	-0.0228772112	-1.6028035964
0.1627846833	-0.9866601786	-0.0015240305	-3.2622018550
-0.0223244766	-0.0052278375	0.9997361255	-0.0244210514
0.0000000000	0.0000000000	0.0000000000	1.0000000000
9	 10	 31	
0.9986290813	0.0517200864	0.0080378752	0.6678691180
-0.0517867576	0.9986247901	0.0081907214	0.0152010823
-0.0076020668	-0.0085959765	0.9999344314	0.0032522709
0.0000000000	0.0000000000	0.0000000000	1.0000000000
9	 11	 31	
0.9996710602	0.0249703948	0.0058443069	1.2253926173
-0.0250373026	0.9996220941	0.0113424999	-0.0127950322
-0.0055589601	-0.0114841114	0.9999186127	0.0041419486
0.0000000000	0.0000000000	0.0000000000	1.0000000000
9	 12	 31	
0.9078769277	0.4190851921	0.0112837590	1.4808096237
-0.4192017760	0.9078217737	0.0113922894	-0.0990295427
-0.0054695067	-0.0150723360	0.9998719231	0.0051010423
0.0000000000	0.0000000000	0.0000000000	1.0000000000
9	 13	 31	
0.6360802477	0.7716168464	0.0030830866	1.7127363672
-0.7716199052	0.6360836820	-0.0001665281	-0.2260688353
-0.0020900077	-0.0022720056	0.9999952209	0.0072375854
0.0000000000	0.0000000000	0.0000000000	1.0000000000
9	 14	 31	
0.3169990518	0.9484139776	-0.0047777182	1.9417336188
-0.9484024165	0.3170220314	0.0054488959	-0.4372320983
0.0066816415	0.0028046362	0.9999740941	0.0083958382
0.0000000000	0.0000000000	0.0000000000	1.0000000000
9	 22	 31	
-0.9971740004	0.0682697744	-0.0313779840	1.6030801213
-0.0664677805	-0.9962561894	-0.0552752496	-3.6785314204
-0.0350335235	-0.0530337848	0.9979780974	-0.0202652413
0.0000000000	0.0000000000	0.0000000000	1.0000000000
9	 23	 31	
-0.9981911730	-0.0534828910	-0.0274576639	0.9953294348
0.0539826656	-0.9983828971	-0.0178098428	-3.6342995944
-0.0264611852	-0.0192605545	0.9994641974	-0.0344888961
0.0000000000	0.0000000000	0.0000000000	1.0000000000
9	 24	 31	
-0.9960186285	-0.0803875835	-0.0385134219	0.5007729620
0.0810627060	-0.9965755340	-0.0162932780	-3.5976996783
-0.0370721819	-0.0193514895	0.9991254352	-0.0408503968
0.0000000000	0.0000000000	0.0000000000	1.0000000000
9	 25	 31	
-0.9977327726	-0.0575256866	-0.0349238111	-0.0159341005
0.0572860811	-0.9983275759	0.0078290163	-3.5634220902
-0.0353155011	0.0058112184	0.9993601374	-0.0509589418
0.0000000000	0.0000000000	0.0000000000	1.0000000000
9	 26	 31	
-0.9972259033	-0.0546408719	-0.0505381440	-0.5302509769
0.0548251185	-0.9984933592	-0.0022456230	-3.5030099283
-0.0503379124	-0.0050106725	0.9987196121	-0.0699126061
0.0000000000	0.0000000000	0.0000000000	1.0000000000
9	 27	 31	
-0.9998583525	0.0077017205	-0.0149249424	-1.2172835627
-0.0075880946	-0.9999417503	-0.0075869888	-3.5218552091
-0.0149824549	-0.0074731018	0.9998605973	-0.0253139493
0.0000000000	0.0000000000	0.0000000000	1.0000000000
9	 28	 31	
-0.9996200029	-0.0180291893	-0.0208398733	-1.8109005741
0.0181360322	-0.9998228986	-0.0049518706	-3.4822450737
-0.0207467027	-0.0053281597	0.9997703264	-0.0290211992
0.0000000000	0.0000000000	0.0000000000	1.0000000000
10	 11	 31	
0.9996397755	-0.0267427162	-0.0023536588	0.5582024062
0.0267489889	0.9996372349	0.0030341251	0.0008704668
0.0022704508	-0.0030947560	0.9999923694	0.0051409892
0.0000000000	0.0000000000	0.0000000000	1.0000000000
10	 12	 31	
0.9283828859	0.3716131487	0.0030761147	0.8177277724
-0.3716217366	0.9283780805	0.0033655819	-0.0720432211
-0.0016064350	-0.0042672717	0.9999898063	0.0074463990
0.0000000000	0.0000000000	0.0000000000	1.0000000000
10	 13	 31	
0.6751832746	0.7376364749	-0.0045156732	1.0558992257
-0.7376417503	0.6751370784	-0.0086025429	-0.1869306232
-0.0032981868	0.0091396179	0.9999525106	0.0104061621
0.0000000000	0.0000000000	0.0000000000	1.0000000000
10	 14	 31	
0.3656275307	0.9306755475	-0.0126563426	1.2955090653
